# log_age,instantaneous_sfr,integrated_stellar_mass,integrated_formed_mass,g,r
5.500000000000000000e+00,0.000000000000000000e+00,9.975090250002891512e-01,1.000000000000000000e+00,4.703935324352102043e-01,9.746236957417124813e-01
5.549999999999999822e+00,0.000000000000000000e+00,9.970241695505589474e-01,1.000000000000000000e+00,4.687993683319220395e-01,9.727800267244219867e-01
5.599999999999999645e+00,0.000000000000000000e+00,9.964980870470301344e-01,1.000000000000000000e+00,4.667425837817518186e-01,9.704715985970722159e-01
5.650000000000000355e+00,0.000000000000000000e+00,9.961202509489857082e-01,1.000000000000000000e+00,4.602784555442482883e-01,9.638161113566283689e-01
5.700000000000000178e+00,0.000000000000000000e+00,9.955504919165363287e-01,1.000000000000000000e+00,4.556928924245085000e-01,9.589902883161656177e-01
5.750000000000000000e+00,0.000000000000000000e+00,9.949127074599480869e-01,1.000000000000000000e+00,4.509742635102256259e-01,9.540590319368575933e-01
5.799999999999999822e+00,0.000000000000000000e+00,9.944632381714701985e-01,1.000000000000000000e+00,4.399489369841518283e-01,9.429486965819009470e-01
5.849999999999999645e+00,0.000000000000000000e+00,9.939725303785279520e-01,1.000000000000000000e+00,4.271403165430243121e-01,9.301239292151208815e-01
5.900000000000000355e+00,0.000000000000000000e+00,9.932161334796693053e-01,1.000000000000000000e+00,4.169978180804463364e-01,9.200628867022118129e-01
5.950000000000000178e+00,0.000000000000000000e+00,9.926023674342456804e-01,1.000000000000000000e+00,3.987754148166473556e-01,9.022045844911161794e-01
6.000000000000000000e+00,0.000000000000000000e+00,9.917001764588098123e-01,1.000000000000000000e+00,3.828442596065642078e-01,8.867275993208352247e-01
6.049999999999999822e+00,0.000000000000000000e+00,9.906456372661647247e-01,1.000000000000000000e+00,3.660985143979260670e-01,8.704209243607792246e-01
6.099999999999999645e+00,0.000000000000000000e+00,9.894851078079859308e-01,1.000000000000000000e+00,3.441367955613543472e-01,8.488311618844761597e-01
6.150000000000000355e+00,0.000000000000000000e+00,9.878073376353981860e-01,1.000000000000000000e+00,2.833432834280671386e-01,7.852799461880621834e-01
6.200000000000000178e+00,0.000000000000000000e+00,9.852072497094443992e-01,1.000000000000000000e+00,2.076658025668649543e-01,7.070139059837927675e-01
6.250000000000000000e+00,0.000000000000000000e+00,9.828025968770360832e-01,1.000000000000000000e+00,1.490232725970983552e-01,6.320546854490629585e-01
6.299999999999999822e+00,0.000000000000000000e+00,9.823793361129568025e-01,1.000000000000000000e+00,7.365959529819576801e-02,5.554806062646306941e-01
6.349999999999999645e+00,0.000000000000000000e+00,9.783033264446718835e-01,1.000000000000000000e+00,-4.829752384090113537e-02,4.237200634913591557e-01
6.400000000000000355e+00,0.000000000000000000e+00,9.744068399149606874e-01,1.000000000000000000e+00,1.117721021773121493e-02,4.851592076797004438e-01
6.450000000000000178e+00,0.000000000000000000e+00,9.708916961215674490e-01,1.000000000000000000e+00,4.889175332137085661e-02,5.218385668427814039e-01
6.500000000000000000e+00,0.000000000000000000e+00,9.652358032552494915e-01,1.000000000000000000e+00,-2.161671415500165949e-02,4.434296750837276591e-01
6.549999999999999822e+00,0.000000000000000000e+00,9.651697510794032819e-01,1.000000000000000000e+00,-1.106009150278381981e-01,3.307255662739478907e-01
6.599999999999999645e+00,0.000000000000000000e+00,9.605026172792719974e-01,1.000000000000000000e+00,-3.640900724564062330e-01,5.927168938109161900e-02
6.650000000000000355e+00,0.000000000000000000e+00,9.576212825563907849e-01,1.000000000000000000e+00,-2.516919128528485317e-01,1.413314077039018457e-01
6.700000000000000178e+00,0.000000000000000000e+00,9.552766287419112157e-01,1.000000000000000000e+00,7.816181260755428184e-02,4.641280873436173238e-01
6.750000000000000000e+00,0.000000000000000000e+00,9.468817743788772168e-01,1.000000000000000000e+00,-5.488654979239271370e-02,2.067538216052469124e-01
6.799999999999999822e+00,0.000000000000000000e+00,9.376068419625723793e-01,1.000000000000000000e+00,-8.194880336530019349e-02,1.033096060403622118e-01
6.849999999999999645e+00,0.000000000000000000e+00,9.297752665051357557e-01,1.000000000000000000e+00,-9.024034809540637525e-02,4.467692873245709961e-02
6.900000000000000355e+00,0.000000000000000000e+00,9.215850149111347589e-01,1.000000000000000000e+00,3.065202367364676661e-01,1.529613843608501611e-01
6.950000000000000178e+00,0.000000000000000000e+00,9.133570811189719585e-01,1.000000000000000000e+00,8.742106458809217884e-01,6.972334521306464694e-01
7.000000000000000000e+00,0.000000000000000000e+00,9.059183653136615444e-01,1.000000000000000000e+00,9.495786046816050430e-01,8.585499669925980015e-01
7.049999999999999822e+00,0.000000000000000000e+00,8.987124222271266616e-01,1.000000000000000000e+00,9.936553163888675044e-01,9.585387565934908594e-01
7.099999999999999645e+00,0.000000000000000000e+00,8.912626849778364502e-01,1.000000000000000000e+00,1.072051811754235473e+00,1.108832254969620124e+00
7.150000000000000355e+00,0.000000000000000000e+00,8.843964619304992558e-01,1.000000000000000000e+00,1.241710193499301340e+00,1.291310480013805773e+00
7.200000000000000178e+00,0.000000000000000000e+00,8.780123755869437829e-01,1.000000000000000000e+00,1.386236168941849201e+00,1.409817721909128352e+00
7.250000000000000000e+00,0.000000000000000000e+00,8.714304616655482727e-01,1.000000000000000000e+00,1.552886329073587035e+00,1.565796616423739351e+00
7.299999999999999822e+00,0.000000000000000000e+00,8.651373716322253715e-01,1.000000000000000000e+00,1.669141188516050534e+00,1.718731441850430031e+00
7.349999999999999645e+00,0.000000000000000000e+00,8.593543944953788705e-01,1.000000000000000000e+00,1.739047139236781447e+00,1.784521713611297855e+00
7.400000000000000355e+00,0.000000000000000000e+00,8.534470622402683393e-01,1.000000000000000000e+00,1.811495752765523548e+00,1.854376940888940339e+00
7.450000000000000178e+00,0.000000000000000000e+00,8.474301926159760745e-01,1.000000000000000000e+00,1.885609971765099147e+00,1.927131147401084377e+00
7.500000000000000000e+00,0.000000000000000000e+00,8.414047936494358781e-01,1.000000000000000000e+00,1.968164834125509799e+00,2.016833273487421252e+00
7.549999999999999822e+00,0.000000000000000000e+00,8.357060445823309980e-01,1.000000000000000000e+00,2.050818687001225271e+00,2.078493256925604271e+00
7.599999999999999645e+00,0.000000000000000000e+00,8.297003762484095324e-01,1.000000000000000000e+00,2.151702090929767053e+00,2.163593957785046484e+00
7.650000000000000355e+00,0.000000000000000000e+00,8.236197264653042360e-01,1.000000000000000000e+00,2.270830696980723928e+00,2.277610912974573409e+00
7.700000000000000178e+00,0.000000000000000000e+00,8.174784054477730599e-01,1.000000000000000000e+00,2.404205599612843969e+00,2.447631903354618998e+00
7.750000000000000000e+00,0.000000000000000000e+00,8.119858977040045334e-01,1.000000000000000000e+00,2.482868072082091260e+00,2.537379566313617829e+00
7.799999999999999822e+00,0.000000000000000000e+00,8.066803932263872934e-01,1.000000000000000000e+00,2.557600308952267198e+00,2.605604060562534130e+00
7.849999999999999645e+00,0.000000000000000000e+00,8.013449406124886210e-01,1.000000000000000000e+00,2.635818167774026222e+00,2.686427078452112482e+00
7.900000000000000355e+00,0.000000000000000000e+00,7.962688850218134773e-01,1.000000000000000000e+00,2.708870553596277375e+00,2.757413994651074063e+00
7.950000000000000178e+00,0.000000000000000000e+00,7.912073659447115270e-01,1.000000000000000000e+00,2.781270430407147387e+00,2.824017869506455725e+00
8.000000000000000000e+00,0.000000000000000000e+00,7.860446548189801153e-01,1.000000000000000000e+00,2.857563997794159150e+00,2.894696619695167783e+00
8.050000000000000711e+00,0.000000000000000000e+00,7.809388947003480519e-01,1.000000000000000000e+00,2.938153796962723163e+00,2.975698208276654100e+00
8.099999999999999645e+00,0.000000000000000000e+00,7.759264086657882142e-01,1.000000000000000000e+00,3.019160337161125085e+00,3.050971242802631878e+00
8.150000000000000355e+00,0.000000000000000000e+00,7.697962998518779187e-01,1.000000000000000000e+00,3.102352123296810760e+00,3.129856075920130820e+00
8.199999999999999289e+00,0.000000000000000000e+00,7.637221424047697660e-01,1.000000000000000000e+00,3.186473755003135011e+00,3.208517747663272246e+00
8.250000000000000000e+00,0.000000000000000000e+00,7.579807309404653637e-01,1.000000000000000000e+00,3.271379939108683743e+00,3.283449311382440783e+00
8.300000000000000711e+00,0.000000000000000000e+00,7.537359181115143025e-01,1.000000000000000000e+00,3.358496381061073066e+00,3.362210068811378960e+00
8.349999999999999645e+00,0.000000000000000000e+00,7.494246795180782295e-01,1.000000000000000000e+00,3.447663899904689799e+00,3.438261661582274087e+00
8.400000000000000355e+00,0.000000000000000000e+00,7.451035791812956610e-01,1.000000000000000000e+00,3.543111215563087057e+00,3.518202993200276296e+00
8.449999999999999289e+00,0.000000000000000000e+00,7.406621193476409237e-01,1.000000000000000000e+00,3.642528488576594725e+00,3.601046933708950348e+00
8.500000000000000000e+00,0.000000000000000000e+00,7.349431222464454239e-01,1.000000000000000000e+00,3.748701043039531555e+00,3.684314414285339012e+00
8.550000000000000711e+00,0.000000000000000000e+00,7.314113657483436448e-01,1.000000000000000000e+00,3.859924917210655337e+00,3.768481431152956418e+00
8.599999999999999645e+00,0.000000000000000000e+00,7.268985833123229323e-01,1.000000000000000000e+00,3.973357558583323623e+00,3.853074429118748867e+00
8.650000000000000355e+00,0.000000000000000000e+00,7.223351961053771086e-01,1.000000000000000000e+00,4.088931078182724832e+00,3.937182259173226839e+00
8.699999999999999289e+00,0.000000000000000000e+00,7.177190791740151177e-01,1.000000000000000000e+00,4.210332883722195163e+00,4.021560820715293971e+00
8.750000000000000000e+00,0.000000000000000000e+00,7.126633679885351347e-01,1.000000000000000000e+00,4.340348085260345101e+00,4.110199076660848050e+00
8.800000000000000711e+00,0.000000000000000000e+00,7.080390413171779862e-01,1.000000000000000000e+00,4.476391597742733097e+00,4.202109456298039447e+00
8.849999999999999645e+00,0.000000000000000000e+00,7.033892877292112766e-01,1.000000000000000000e+00,4.614854466340709394e+00,4.291821518011744274e+00
8.900000000000000355e+00,0.000000000000000000e+00,6.987095226924615599e-01,1.000000000000000000e+00,4.756484296425298908e+00,4.384302816024877814e+00
8.949999999999999289e+00,0.000000000000000000e+00,6.932564598850368132e-01,1.000000000000000000e+00,4.900313674337006375e+00,4.480738340361035910e+00
9.000000000000000000e+00,0.000000000000000000e+00,6.884882548988311424e-01,1.000000000000000000e+00,5.037469009114630580e+00,4.574883405504692746e+00
9.050000000000000711e+00,0.000000000000000000e+00,6.840718859981699262e-01,1.000000000000000000e+00,5.168478274729778832e+00,4.667839630299603471e+00
9.099999999999999645e+00,0.000000000000000000e+00,6.789807922603784407e-01,1.000000000000000000e+00,5.283443692348555487e+00,4.732124664086924781e+00
9.150000000000000355e+00,0.000000000000000000e+00,6.742245467248632051e-01,1.000000000000000000e+00,5.364170353519092771e+00,4.746845228719514864e+00
9.199999999999999289e+00,0.000000000000000000e+00,6.660746843578754239e-01,1.000000000000000000e+00,5.488439113881234732e+00,4.813101426237366809e+00
9.250000000000000000e+00,0.000000000000000000e+00,6.587230739184857242e-01,1.000000000000000000e+00,5.742796709788713372e+00,5.092267328965078832e+00
9.300000000000000711e+00,0.000000000000000000e+00,6.538583307842702474e-01,1.000000000000000000e+00,5.897139444438437295e+00,5.226638266495406526e+00
9.349999999999999645e+00,0.000000000000000000e+00,6.492286227527230835e-01,1.000000000000000000e+00,6.034503979922405392e+00,5.338503363864106177e+00
9.400000000000000355e+00,0.000000000000000000e+00,6.447070938452275080e-01,1.000000000000000000e+00,6.177675301926178975e+00,5.460717658907441319e+00
9.449999999999999289e+00,0.000000000000000000e+00,6.404619279888053018e-01,1.000000000000000000e+00,6.314348182290913769e+00,5.573763606660939729e+00
9.500000000000000000e+00,0.000000000000000000e+00,6.360477830520968601e-01,1.000000000000000000e+00,6.437912285485673181e+00,5.668669527465560520e+00
9.550000000000000711e+00,0.000000000000000000e+00,6.319176794610008585e-01,1.000000000000000000e+00,6.546707273892373280e+00,5.754243690003377765e+00
9.599999999999999645e+00,0.000000000000000000e+00,6.278855791442403689e-01,1.000000000000000000e+00,6.670984331402422640e+00,5.865274334680385948e+00
9.650000000000000355e+00,0.000000000000000000e+00,6.239315398086250353e-01,1.000000000000000000e+00,6.772130969299368530e+00,5.954876950720212392e+00
9.699999999999999289e+00,0.000000000000000000e+00,6.200975971646868201e-01,1.000000000000000000e+00,6.879056001395134956e+00,6.062928462472356728e+00
9.750000000000000000e+00,0.000000000000000000e+00,6.164360835043490860e-01,1.000000000000000000e+00,6.996221357784726536e+00,6.167014738697908172e+00
9.800000000000000711e+00,0.000000000000000000e+00,6.128473854860974068e-01,1.000000000000000000e+00,7.130187573160142733e+00,6.290222708127949147e+00
9.849999999999999645e+00,0.000000000000000000e+00,6.095897224142424742e-01,1.000000000000000000e+00,7.244104144987630889e+00,6.392412782430369589e+00
9.900000000000000355e+00,0.000000000000000000e+00,6.063362192547672169e-01,1.000000000000000000e+00,7.356274176543777799e+00,6.489959261711106819e+00
9.949999999999999289e+00,0.000000000000000000e+00,6.031358120991433536e-01,1.000000000000000000e+00,7.466482681737851124e+00,6.586122542753180653e+00
1.000000000000000000e+01,0.000000000000000000e+00,6.000152270125445053e-01,1.000000000000000000e+00,7.577713906061021021e+00,6.682222493132719876e+00
1.005000000000000071e+01,0.000000000000000000e+00,5.969804390347326351e-01,1.000000000000000000e+00,7.683097767259326361e+00,6.769993285528542515e+00
1.009999999999999964e+01,0.000000000000000000e+00,5.940194919932448858e-01,1.000000000000000000e+00,7.789515731834356416e+00,6.860726417703716606e+00
1.015000000000000036e+01,0.000000000000000000e+00,5.911261454783158786e-01,1.000000000000000000e+00,7.896296813807083481e+00,6.953144929280824726e+00
