# log_age,instantaneous_sfr,integrated_stellar_mass,integrated_formed_mass,u,g,r,i,z
5.500000000000000000e+00,2.575166043268241110e-10,8.123262841659738883e-05,8.143711954090958728e-05,1.063980346243359776e+01,1.098924310533313076e+01,1.149310124530157395e+01,1.185214653494553261e+01,1.216733234310989076e+01
5.549999999999999822e+00,2.575141202291387730e-10,9.114347461874090642e-05,9.137351028221866837e-05,1.051453448064487617e+01,1.086397759155260445e+01,1.136783159187798731e+01,1.172688278494599956e+01,1.204207262960538571e+01
5.599999999999999645e+00,2.575113330542201753e-10,1.022623900961284457e-04,1.025222099564536768e-04,1.038865435354457389e+01,1.073811307953027949e+01,1.124195644722978216e+01,1.160102643330972683e+01,1.191622964350742109e+01
5.650000000000000355e+00,2.575082058284387952e-10,1.147360024841635983e-04,1.150311130821162658e-04,1.026222999025438298e+01,1.061170914368716467e+01,1.111553221951290027e+01,1.147463132443838418e+01,1.178985533996443280e+01
5.700000000000000178e+00,2.575046970686119498e-10,1.287288226893896668e-04,1.290661523895095405e-04,1.013527326447277233e+01,1.048477519842674610e+01,1.098856718517824049e+01,1.134770536383583561e+01,1.166295682542224199e+01
5.750000000000000000e+00,2.575007602322506173e-10,1.444261447254551877e-04,1.448134978347889745e-04,1.000762827261999632e+01,1.035716555045500797e+01,1.086091842215731873e+01,1.122010903772297752e+01,1.153539723100107039e+01
5.799999999999999822e+00,2.574963431008536907e-10,1.620351957074376312e-04,1.624820234226272890e-04,9.879217711957359427e+00,1.022880424457944315e+01,1.073250874134799915e+01,1.109176541244794123e+01,1.140709992688081797e+01
5.849999999999999645e+00,2.574913870881141871e-10,1.817873565141268270e-04,1.823060743805016485e-04,9.750044211432815189e+00,1.009968921703522682e+01,1.060333280075599305e+01,1.096266852058141694e+01,1.127805753178645887e+01
5.900000000000000355e+00,2.574858264639174370e-10,2.039429134246138124e-04,2.045485711676367404e-04,9.619869054597415925e+00,9.969592046417830034e+00,1.047316158308622391e+01,1.083259100010916143e+01,1.114804532242131785e+01
5.950000000000000178e+00,2.574795874839074048e-10,2.287932743405142846e-04,2.295044912074897532e-04,9.488494863979461513e+00,9.838320985365555771e+00,1.034179893084724711e+01,1.070133283787583878e+01,1.101686213551060689e+01
6.000000000000000000e+00,2.574725874131671172e-10,2.566648494046344458e-04,2.575047741687309997e-04,9.355791455670882328e+00,9.705750536314695864e+00,1.020911338551577074e+01,1.056875726413372973e+01,1.088436761961581567e+01
6.049999999999999822e+00,2.574647334311737562e-10,2.879244875554093515e-04,2.889207021422287637e-04,9.221447156029213943e+00,9.571584405187870459e+00,1.007480364959910446e+01,1.043455786544453900e+01,1.075025294962680533e+01
6.099999999999999645e+00,2.574559214036492234e-10,3.229799379099585052e-04,3.241688122404675970e-04,9.085329895048616322e+00,9.435690692319816719e+00,9.938726882820134279e+00,1.029858173983910774e+01,1.061435574445409458e+01
6.150000000000000355e+00,2.574460345051948190e-10,3.622888879918686198e-04,3.637164060579717913e-04,8.947029378543760458e+00,9.297668420710657244e+00,9.800469397749210998e+00,1.016039932264727241e+01,1.047623617486112835e+01
6.200000000000000178e+00,2.574349416746704140e-10,4.063635178703491686e-04,4.080877281556989969e-04,8.805926358715630897e+00,9.156908833896693523e+00,9.659402826142049037e+00,1.001934060068523280e+01,1.033520607377560196e+01
6.250000000000000000e+00,2.574224958831176421e-10,4.557721894630826056e-04,4.578708943665737801e-04,8.661717409362665876e+00,9.013090798465839271e+00,9.515194577846180835e+00,9.875034747356366438e+00,1.019087999007344081e+01
6.299999999999999822e+00,2.574085321916186106e-10,5.111359280779956575e-04,5.137256603627250381e-04,8.512340624620470919e+00,8.863953529147138966e+00,9.365394078372020203e+00,9.725024871446684926e+00,1.004074965135829700e+01
6.349999999999999645e+00,2.573928655737875534e-10,5.731146935742418777e-04,5.763921316870402939e-04,8.354572824711439694e+00,8.705897371978423394e+00,9.206083385513935013e+00,9.565489219906609719e+00,9.880942417035967651e+00
6.400000000000000355e+00,2.573752884745947355e-10,6.425604604439944835e-04,6.467005284583740099e-04,8.185986150791457305e+00,8.536625068232460478e+00,9.035133065686608234e+00,9.394405207689175086e+00,9.709500940690439563e+00
6.450000000000000178e+00,2.573555680738733851e-10,7.201137805995719418e-04,7.255821313438248201e-04,8.004298157158395099e+00,8.352023256669156126e+00,8.848449192983586897e+00,9.207686067495679083e+00,9.521836503189419432e+00
6.500000000000000000e+00,2.573334432191359466e-10,8.068373219519266257e-04,8.140815502934861539e-04,7.797514563796923426e+00,8.139364004632192007e+00,8.631818889132944150e+00,8.990369198720173927e+00,9.302672305762321514e+00
6.549999999999999822e+00,2.573086209881789816e-10,9.040080872398844605e-04,9.133704741214381190e-04,7.585623754288938869e+00,7.910831280058189918e+00,8.394511157736182838e+00,8.748082892924315956e+00,9.055017259223717474e+00
6.599999999999999645e+00,2.572807728373488551e-10,1.012338431999501923e-03,1.024763077441884435e-03,7.403888976020226664e+00,7.704867695820325935e+00,8.176395140615980495e+00,8.520854131809954879e+00,8.817994767385940236e+00
6.650000000000000355e+00,2.572495302862257825e-10,1.133069308104486589e-03,1.149733281934256111e-03,7.250257478619765550e+00,7.526916551747177664e+00,7.987740983030789721e+00,8.323496673129511692e+00,8.610728048182060945e+00
6.700000000000000178e+00,2.572144800838128711e-10,1.267797651918170683e-03,1.289934091585745891e-03,7.113869121989580435e+00,7.365664935787698653e+00,7.816824695156810776e+00,8.144549727272590189e+00,8.422656480733067497e+00
6.750000000000000000e+00,2.571751587950456221e-10,1.418101519847605671e-03,1.447219246654900303e-03,6.995215256797436609e+00,7.214284519298402643e+00,7.648202675480554547e+00,7.960658670858663299e+00,8.220397629950277008e+00
6.799999999999999822e+00,2.571310467395039310e-10,1.585468546873134918e-03,1.623667468821431625e-03,6.891532371237232724e+00,7.061146689627790352e+00,7.462636710389503492e+00,7.748538408402431799e+00,7.975624306280835185e+00
6.849999999999999645e+00,2.570815612065758165e-10,1.771560263488370594e-03,1.821609600533875741e-03,6.804308887842360321e+00,6.925866430442461308e+00,7.277502407730786160e+00,7.522424382680007682e+00,7.707625321092663739e+00
6.900000000000000355e+00,2.570260488629212093e-10,1.978479349128465722e-03,2.043658975152436077e-03,6.729093332518992554e+00,6.814519160729766156e+00,7.119638014756844768e+00,7.326755084502018178e+00,7.477269238887103597e+00
6.950000000000000178e+00,2.569637772588850037e-10,2.208609291577459926e-03,2.292745391297226504e-03,6.655901921482069383e+00,6.710039639714366899e+00,6.988510165433240218e+00,7.174216047043401545e+00,7.303039118409472508e+00
7.000000000000000000e+00,2.568939253304535770e-10,2.464475812691093934e-03,2.572153105022918947e-03,6.586326124139404214e+00,6.616212835850760143e+00,6.878952918600873545e+00,7.050563814019362496e+00,7.163974789585438430e+00
7.049999999999999822e+00,2.568155727824112208e-10,2.748896255298431072e-03,2.885563297192352602e-03,6.523271488328965972e+00,6.538938576763527522e+00,6.792347692249620650e+00,6.953778253080663774e+00,7.055652362881971840e+00
7.099999999999999645e+00,2.567276882265124618e-10,3.065271312068118363e-03,3.237101520787393719e-03,6.465893923633551310e+00,6.472361602572128447e+00,6.719905893062353641e+00,6.873257466907617186e+00,6.965406945563714203e+00
7.150000000000000355e+00,2.566291159357371172e-10,3.417358811212384273e-03,3.631390683888766763e-03,6.411917543791972207e+00,6.409522055306723587e+00,6.651650737258940183e+00,6.797059373435253349e+00,6.879698296414851200e+00
7.200000000000000178e+00,2.565185610620654806e-10,3.809084692242410003e-03,4.073610178575198977e-03,6.362390537553253012e+00,6.352499977160604772e+00,6.590093200463051915e+00,6.728358308985704639e+00,6.802658360197490595e+00
7.250000000000000000e+00,2.563945731507662838e-10,4.245074211132867856e-03,4.569561823771972273e-03,6.316349417633325913e+00,6.299384419900171395e+00,6.532843108907059104e+00,6.664647815891498794e+00,6.731767591269345985e+00
7.299999999999999822e+00,2.562555277690382022e-10,4.730542868829597583e-03,5.125743350684480899e-03,6.272143024732756089e+00,6.246827908664421614e+00,6.475469625047139743e+00,6.600509154461263961e+00,6.660450812080938476e+00
7.349999999999999645e+00,2.560996060511703928e-10,5.270989514667413084e-03,5.749430222155713782e-03,6.229839942617424242e+00,6.194996638326600191e+00,6.418203907727132673e+00,6.536258562638778358e+00,6.589002223705520578e+00
7.400000000000000355e+00,2.559247719464541903e-10,5.872455407859419364e-03,6.448766641020455340e-03,6.189479851114086273e+00,6.144100747759814851e+00,6.361315586410327683e+00,6.472208668052189751e+00,6.517759476603110613e+00
7.450000000000000178e+00,2.557287469402625533e-10,6.541713128356604207e-03,7.232866665787006377e-03,6.151179949953331061e+00,6.094482774638905198e+00,6.305148056449944249e+00,6.408708534070406415e+00,6.447089537602906262e+00
7.500000000000000000e+00,2.555089820035483710e-10,7.286249598756491287e-03,8.111926412643691991e-03,6.115164058078541132e+00,6.046643083260356377e+00,6.250131284833400969e+00,6.346147294318868148e+00,6.377387280346106024e+00
7.549999999999999822e+00,2.552626265122019286e-10,8.114521052455418021e-03,9.097348378029557203e-03,6.081056525331078433e+00,6.001240174043353193e+00,6.198281461586148566e+00,6.287865101717123650e+00,6.313327256883077609e+00
7.599999999999999645e+00,2.549864938662043843e-10,9.036405190256750417e-03,1.020187896201987625e-02,6.047678283814022393e+00,5.956883752509725127e+00,6.148789273469446925e+00,6.233632258403275728e+00,6.255211850286130471e+00
7.650000000000000355e+00,2.546770235305641270e-10,1.006258710535562831e-02,1.143976030458065257e-02,6.014374650876035844e+00,5.911807291708612411e+00,6.099009722241333975e+00,6.179953740854791988e+00,6.198666047135546364e+00
7.700000000000000178e+00,2.543302392172485233e-10,1.120441323753075015e-02,1.282689755784327361e-02,5.981242524807910854e+00,5.866194185057743482e+00,6.049124789212832809e+00,6.126918382605921920e+00,6.143633415991729407e+00
7.750000000000000000e+00,2.539417029318144277e-10,1.247447141133264416e-02,1.438104269957952291e-02,5.948456202748417354e+00,5.820447722618062869e+00,5.999635381337213857e+00,6.075019688862411726e+00,6.090548717121201605e+00
7.799999999999999822e+00,2.535064646228729592e-10,1.388698634334825134e-02,1.612199593534534986e-02,5.916223573207133768e+00,5.774668234896253693e+00,5.950403229530856208e+00,6.023887185644575482e+00,6.038810698926020848e+00
7.849999999999999645e+00,2.530190072002647926e-10,1.545764780041669097e-02,1.807182562577826571e-02,5.884692914484325854e+00,5.728761844271659243e+00,5.900924986673530270e+00,5.972691666493140872e+00,5.987302409504181355e+00
7.900000000000000355e+00,2.524731867331462284e-10,1.720361965332149745e-02,2.025510749425234180e-02,5.853988724129415289e+00,5.683233281023888139e+00,5.851750929734762963e+00,5.921984073895117717e+00,5.936570974294099301e+00
7.950000000000000178e+00,2.518621677073834699e-10,1.914438690444378310e-02,2.269918359730337468e-02,5.824085706159671361e+00,5.638210794054444364e+00,5.802884073318281821e+00,5.871657544996295996e+00,5.886415805502565490e+00
8.000000000000000000e+00,2.511783533193035341e-10,2.130112660165958335e-02,2.543444114962301744e-02,5.794924405604170659e+00,5.593596246158298868e+00,5.753939186340609524e+00,5.821118402289904736e+00,5.836056411269346711e+00
8.050000000000000711e+00,2.504133109180377455e-10,2.369656322563653064e-02,2.849461075468617474e-02,5.766613743240753820e+00,5.549766212366115781e+00,5.705257000325133276e+00,5.770639382712310805e+00,5.785680595495421130e+00
8.099999999999999645e+00,2.495576928912400134e-10,2.635607881265723124e-02,3.191708286187729809e-02,5.739227138237829706e+00,5.506908657769500337e+00,5.657035337943213449e+00,5.720287961511481001e+00,5.735052193666675180e+00
8.150000000000000355e+00,2.486011535307420737e-10,2.930514524615232194e-02,3.574324030386896028e-02,5.712836798557646034e+00,5.464969193598356867e+00,5.609311759960839083e+00,5.670083620556965798e+00,5.684098444830667063e+00
8.199999999999999289e+00,2.475322627298690149e-10,3.257272127611615664e-02,4.001880350736129049e-02,5.687633671483048659e+00,5.423997422977002714e+00,5.562257172063794997e+00,5.620289371435426062e+00,5.633257517974548989e+00
8.250000000000000000e+00,2.463384177693394491e-10,3.619511264430987085e-02,4.479418334947946750e-02,5.663742143876802970e+00,5.383949856159674141e+00,5.515869637107186918e+00,5.570914991876961153e+00,5.582504495250596221e+00
8.300000000000000711e+00,2.450057549632487542e-10,4.021003782245884117e-02,5.012483457384210583e-02,5.641357922400416669e+00,5.345005056497079465e+00,5.470429323539669042e+00,5.522250525379114094e+00,5.532072416569803863e+00
8.349999999999999645e+00,2.435190635825228549e-10,4.465699966972931645e-02,5.607160009674573564e-02,5.620546742640520677e+00,5.307119163785372962e+00,5.425831433617176458e+00,5.474009386963011536e+00,5.481233085229192170e+00
8.400000000000000355e+00,2.418617052747975430e-10,4.957901711135181272e-02,6.270103332764712101e-02,5.601273268639957337e+00,5.270080749024799616e+00,5.381819328036698380e+00,5.425805132267242925e+00,5.429220118040703369e+00
8.449999999999999289e+00,2.400155431829837069e-10,5.501452869314855249e-02,7.008568169490254907e-02,5.583725558057224703e+00,5.234227063065929997e+00,5.339047386018194175e+00,5.379011743144559432e+00,5.379061968622494305e+00
8.500000000000000000e+00,2.379608861563782161e-10,6.101380682058608895e-02,7.830430980132437047e-02,5.567960980998769571e+00,5.199547473083384830e+00,5.297390044828951261e+00,5.333686128702495921e+00,5.331454066531229330e+00
8.550000000000000711e+00,2.356764548730180917e-10,6.763867252204415481e-02,8.744203493476489231e-02,5.554043791049501522e+00,5.166043230260726205e+00,5.256576111506923610e+00,5.289036829409987206e+00,5.284535738498043145e+00
8.599999999999999645e+00,2.331393783700703941e-10,7.494697015508501592e-02,9.759034094655562319e-02,5.542059648822927898e+00,5.133943387083206744e+00,5.216885753457887631e+00,5.245313451988103282e+00,5.238500332520239056e+00
8.650000000000000355e+00,2.303252314205991766e-10,8.299661608527882095e-02,1.088469287444405048e-01,5.532041058172680437e+00,5.103406951995609120e+00,5.178378493177199005e+00,5.202515859886794658e+00,5.193263584764579832e+00
8.699999999999999289e+00,2.272081253932823048e-10,9.184513272179521681e-02,1.213153528537080361e-01,5.524089664941463695e+00,5.074689914965880178e+00,5.141129830671729906e+00,5.160646075631909468e+00,5.148760944608589796e+00
8.750000000000000000e+00,2.237608676529421003e-10,1.015548034688017326e-01,1.351043838150688681e-01,5.518344957818598573e+00,5.048089669689602488e+00,5.105362020518640520e+00,5.119906546204475717e+00,5.105191297698624453e+00
8.800000000000000711e+00,2.199552071302682169e-10,1.121857930962581879e-01,1.503270259057643832e-01,5.514941268561507570e+00,5.023815465141986181e+00,5.071204781173548781e+00,5.080408486819806058e+00,5.062668865500242532e+00
8.849999999999999645e+00,2.157621862772687393e-10,1.238002778323944869e-01,1.670991093177623954e-01,5.514065628467783142e+00,5.001989222604130703e+00,5.038515778577441040e+00,5.041878441673659950e+00,5.020818211860060387e+00
8.900000000000000355e+00,2.111526220195388758e-10,1.364563074412016019e-01,1.855373663486817037e-01,5.515961556144020506e+00,4.982901995011481233e+00,5.007395545675862536e+00,5.004301357885992729e+00,4.979488940030549315e+00
8.949999999999999289e+00,2.060977401999068375e-10,1.502071496678063778e-01,2.057568936272099192e-01,5.520844841925310220e+00,4.966942785343277933e+00,4.978241372706669665e+00,4.968199114046349507e+00,4.939367066559896102e+00
9.000000000000000000e+00,2.005699889267371030e-10,1.651002754006399564e-01,2.278678987198888006e-01,5.528933081305261510e+00,4.954430837610829030e+00,4.951360605951613536e+00,4.933911557824892213e+00,4.900862598426442673e+00
9.050000000000000711e+00,1.945440555733363334e-10,1.811709062850704877e-01,2.519716321334918852e-01,5.540527624276407437e+00,4.945668924663280563e+00,4.926903796180482686e+00,4.901337641198836081e+00,4.863560164989607415e+00
9.099999999999999645e+00,1.879981091074822308e-10,1.984486406149059690e-01,2.781554179969083496e-01,5.555813770760209991e+00,4.940037224309307362e+00,4.902893053388801547e+00,4.867682930552462039e+00,4.824046836574829911e+00
9.150000000000000355e+00,1.809152829386136390e-10,2.169275439893683932e-01,3.064867226723827498e-01,5.574805019571329012e+00,4.935969476405468015e+00,4.875635905660544722e+00,4.828258149385391107e+00,4.777055010374752442e+00
9.199999999999999289e+00,1.732854023344478094e-10,2.364542603410354771e-01,3.370062450890459749e-01,5.599431887188558221e+00,4.938753283210964184e+00,4.855448675830174921e+00,4.795609019530800765e+00,4.735908200142162627e+00
9.250000000000000000e+00,1.651069433197060679e-10,2.570106440317482255e-01,3.697200811480129135e-01,5.630957470859861758e+00,4.951692974572502237e+00,4.848768301857404595e+00,4.777770512744147879e+00,4.709618846363881062e+00
9.300000000000000711e+00,1.563891854602325689e-10,2.786821727978194274e-01,4.045911125859070201e-01,5.668661831448453370e+00,4.971377554334324600e+00,4.849180101730048875e+00,4.767570435095571213e+00,4.691283169162637989e+00
9.349999999999999645e+00,1.471544879179176624e-10,3.013721628736291680e-01,4.415299027551666811e-01,5.713042047810048985e+00,4.997621285251426571e+00,4.855762544706337280e+00,4.763609453202448663e+00,4.679271168758006638e+00
9.400000000000000355e+00,1.374405761051079685e-10,3.249524633980049870e-01,4.803855500064053707e-01,5.764781176162166787e+00,5.030455901654931949e+00,4.867840543395956843e+00,4.764572755366977219e+00,4.671563018857241900e+00
9.449999999999999289e+00,1.273026757989526239e-10,3.492306512654423378e-01,5.209371512310267960e-01,5.824751279887465216e+00,5.070460542955373739e+00,4.885882853516193336e+00,4.770702010601965526e+00,4.667869553627674861e+00
9.500000000000000000e+00,1.168152752095685441e-10,3.739773386926365517e-01,5.628867535885631046e-01,5.893796458370637481e+00,5.118738332890821141e+00,4.911532164664713207e+00,4.783986179532249139e+00,4.670642728865807669e+00
9.550000000000000711e+00,1.060732384925130013e-10,3.989606048452545295e-01,6.058549004567852503e-01,5.972606140875470260e+00,5.176141630660204385e+00,4.946192244712378283e+00,4.806680575043529302e+00,4.683330883115452536e+00
9.599999999999999645e+00,9.519194543142918124e-11,4.238985845028840904e-01,6.493800727011205254e-01,6.062002782130278433e+00,5.242798831814560856e+00,4.989332210612147378e+00,4.838081941221147986e+00,4.705250845202428422e+00
9.650000000000000355e+00,8.430610458665875068e-11,4.484367424681524050e-01,6.929234360802022374e-01,6.163021047185367252e+00,5.319097076575062033e+00,5.040604787625376559e+00,4.877182545602224195e+00,4.734609417647874352e+00
9.699999999999999289e+00,7.356689833775075945e-11,4.721875714140579272e-01,7.358802610758342633e-01,6.276823082214441740e+00,5.405848024089415560e+00,5.100675757165525681e+00,4.924534493178327921e+00,4.771813177289224939e+00
9.750000000000000000e+00,6.313718791330471860e-11,4.947501290259596063e-01,7.775991027736184336e-01,6.404736259181134983e+00,5.504212586677986963e+00,5.170766135714913503e+00,4.981473213030888303e+00,4.818418428522420527e+00
9.800000000000000711e+00,5.318465402657716673e-11,5.157357909910915694e-01,8.174092383205285861e-01,6.547969272160898413e+00,5.614931562371836549e+00,5.251500649885727512e+00,5.048640696621532697e+00,4.875153336163108975e+00
9.849999999999999645e+00,4.387298684368174552e-11,5.347780037636588046e-01,8.546559070521102530e-01,6.707682386683295306e+00,5.738681615638064670e+00,5.343535001360585568e+00,5.126866979057425056e+00,4.942968767731834134e+00
9.900000000000000355e+00,3.535156528442600004e-11,5.515591363169380923e-01,8.887415932891332693e-01,6.884866676902305471e+00,5.875805138110543169e+00,5.447049819062549147e+00,5.216336626438554447e+00,5.021994950800021229e+00
9.949999999999999289e+00,2.774445255983759687e-11,5.658387296771281161e-01,9.191700441874868233e-01,7.079866157930155168e+00,6.025618057327690735e+00,5.561055119291793858e+00,5.315861851447088782e+00,5.110775494732536117e+00
1.000000000000000000e+01,2.113992130325980954e-11,5.774758368037714584e-01,9.455881692137979577e-01,7.292107049971356503e+00,6.186799528148796412e+00,5.684424745664614420e+00,5.424565568801803295e+00,5.208673605182269739e+00
1.005000000000000071e+01,1.558201122099811278e-11,5.864471604181960007e-01,9.678198095428447445e-01,7.520607127721234519e+00,6.357736058480313091e+00,5.815937903517351515e+00,5.541473342823600490e+00,5.314891422831784951e+00
1.009999999999999964e+01,1.106569440365651271e-11,5.928460126599190971e-01,9.858850768122112695e-01,7.763840611852302231e+00,6.534168003538475489e+00,5.950065092483647788e+00,5.660199496026180555e+00,5.422235759118152032e+00
1.015000000000000036e+01,7.536963606709309492e-12,5.968291957648105273e-01,1.000000000000000000e+00,8.020532089773226403e+00,6.714061875325896267e+00,6.085217546792719645e+00,5.779103532633797613e+00,5.528835651413189112e+00
