# log_age,instantaneous_sfr,integrated_stellar_mass,integrated_formed_mass,u,g,r,i,z
5.500000000000000000e+00,1.647515972210659420e-10,5.196938112327627952e-05,5.210020635179414458e-05,1.112476086422768873e+01,1.147420050712722883e+01,1.197805864709566492e+01,1.233710393673963779e+01,1.265228974490399594e+01
5.549999999999999822e+00,1.647506890745610814e-10,5.831006398704199933e-05,5.845723188579991537e-05,1.099948964300667598e+01,1.134893275385333311e+01,1.185278675425161055e+01,1.221183794721567040e+01,1.252702779180397386e+01
5.599999999999999645e+00,1.647496701233828061e-10,6.542366709532591949e-05,6.558989013372863296e-05,1.087360701440086075e+01,1.122306574002875124e+01,1.172690910799728670e+01,1.208597909362188716e+01,1.240118230349805373e+01
5.650000000000000355e+00,1.647485268488590925e-10,7.340401062055260486e-05,7.359281179960753996e-05,1.074717985414812205e+01,1.109665900682965400e+01,1.160048208333351738e+01,1.195958118722985830e+01,1.227480520202412606e+01
5.700000000000000178e+00,1.647472440831900827e-10,8.235635949069763581e-05,8.257217148289732129e-05,1.062022000015689827e+01,1.096972193289277442e+01,1.147351392099403711e+01,1.183265209779617777e+01,1.214790355807148359e+01
5.750000000000000000e+00,1.647458048083271317e-10,9.239927958256220081e-05,9.264709552351583729e-05,1.049257151295032031e+01,1.084210878874918649e+01,1.134586166270305796e+01,1.170505227520828839e+01,1.202034046633225017e+01
5.799999999999999822e+00,1.647441899303389264e-10,1.036653747143118163e-04,1.039512414408954558e-04,1.036415704789730086e+01,1.071374357722574189e+01,1.121744807745050565e+01,1.157670474384343606e+01,1.189203925496816794e+01
5.849999999999999645e+00,1.647423780262792250e-10,1.163027089281667661e-04,1.166345698589073173e-04,1.023497918463591816e+01,1.058462418534910654e+01,1.108826777419215404e+01,1.144760348717782961e+01,1.176299249361207444e+01
5.900000000000000355e+00,1.647403450602103250e-10,1.304778483769783871e-04,1.308653323411854163e-04,1.010479916118680421e+01,1.045452214571761829e+01,1.095809168971803871e+01,1.131752109714358312e+01,1.163297541276025981e+01
5.950000000000000178e+00,1.647380640646298298e-10,1.463772817173097972e-04,1.468323014045896881e-04,9.973419547580007816e+00,1.032324565816304585e+01,1.082672361400646821e+01,1.118625750813929187e+01,1.150178679668775317e+01
6.000000000000000000e+00,1.647355047830925908e-10,1.642099059419628723e-04,1.647472721651657571e-04,9.840710100175712682e+00,1.019066916497968123e+01,1.069403202877452941e+01,1.105367589081263446e+01,1.136928623444048725e+01
6.049999999999999822e+00,1.647326332693107472e-10,1.842105084728462387e-04,1.848478686381222608e-04,9.706359088341670827e+00,1.005649631411289846e+01,1.055971557898373447e+01,1.091946977439808819e+01,1.123516484366008683e+01
6.099999999999999645e+00,1.647294114374430015e-10,2.066400674136768410e-04,2.074006917124019832e-04,9.570234369800658669e+00,9.920595133306179036e+00,1.042363135262265672e+01,1.078348618574320028e+01,1.109926017258723618e+01
6.150000000000000355e+00,1.647257965576451663e-10,2.317915401303434096e-04,2.327048502972068039e-04,9.431925590173221963e+00,9.782564584363903748e+00,1.028536560220400276e+01,1.064529550120819579e+01,1.096113233369760565e+01
6.200000000000000178e+00,1.647217406902374214e-10,2.599927848212998677e-04,2.610959221513806257e-04,9.290813451351894514e+00,9.641795859336241392e+00,1.014428990985743440e+01,1.050422766123065799e+01,1.082009311498732984e+01
6.250000000000000000e+00,1.647171900510421047e-10,2.916076513107998774e-04,2.929503965186994858e-04,9.146594450271109622e+00,9.497967748859103665e+00,1.000007161096911545e+01,1.035991176826810545e+01,1.067575699577520254e+01
6.299999999999999822e+00,1.647120842995483953e-10,3.270337426907854016e-04,3.286906569747019341e-04,8.997206763258397189e+00,9.348819567996272895e+00,9.850260249613057795e+00,1.020989105101618577e+01,1.052561582874469082e+01
6.349999999999999645e+00,1.647063557405572653e-10,3.666936477360169711e-04,3.687905699127244597e-04,8.839427422505721665e+00,9.190751913479232371e+00,9.690938166910257223e+00,1.005034403056713188e+01,1.036579725293973553e+01
6.400000000000000355e+00,1.646999284288358082e-10,4.111328936389232027e-04,4.137817519629037838e-04,8.670828736166313888e+00,9.021467680037268622e+00,9.519976064667517335e+00,9.879248245880397405e+00,1.019434403912339349e+01
6.450000000000000178e+00,1.646927171650569508e-10,4.607618727477560787e-04,4.642605984146496779e-04,8.489128429070362358e+00,8.836853905215434679e+00,9.333280414256094559e+00,9.692517325697615149e+00,1.000666792565060348e+01
6.500000000000000000e+00,1.646846263698970383e-10,5.162611725499017309e-04,5.208961645342824335e-04,8.282333685712679028e+00,8.624184183448875274e+00,9.116640043610971134e+00,9.475190472703303612e+00,9.787493946142312495e+00
6.549999999999999822e+00,1.646755488215975141e-10,5.784487021040105254e-04,5.844390026308225001e-04,8.070429745463790994e+00,8.395640441859079317e+00,8.879322292717567677e+00,9.232894800301650662e+00,9.539830179852110348e+00
6.599999999999999645e+00,1.646653642405508924e-10,6.477813711186267663e-04,6.557310699572191631e-04,7.888674568969548773e+00,8.189659565442767075e+00,8.661190405479842980e+00,9.005651337376534116e+00,9.302794186733578385e+00
6.650000000000000355e+00,1.646539377025187680e-10,7.250545485275101303e-04,7.357168361819484180e-04,7.735015348323720730e+00,8.011683974741018233e+00,8.472513020782116655e+00,8.808271727985399480e+00,9.095506498085789815e+00
6.700000000000000178e+00,1.646411178599193402e-10,8.112917191014289110e-04,8.254557343781189754e-04,7.598593017441089614e+00,7.850402064258787505e+00,8.301567614141902141e+00,8.629296698950582822e+00,8.907407969845927198e+00
6.750000000000000000e+00,1.646267349482003087e-10,9.075047582236183893e-04,9.261361164111038850e-04,7.479897703339496218e+00,7.698986230472890213e+00,8.132913183436443205e+00,8.445375887890222089e+00,8.705122441606818029e+00
6.799999999999999822e+00,1.646105985516230048e-10,1.014648270913651694e-03,1.039090892452440833e-03,7.376165324472637508e+00,7.545809990161870928e+00,7.947315575371753482e+00,8.233229092349020561e+00,8.460328437348557884e+00
6.849999999999999645e+00,1.645924950997899540e-10,1.133788820989388392e-03,1.165815055283618996e-03,7.288882098888166183e+00,7.410481821251799772e+00,7.762145255586915482e+00,8.007087683192182226e+00,8.192309389276331899e+00
6.900000000000000355e+00,1.645721850629315339e-10,1.266276088719080033e-03,1.307985313292630344e-03,7.213596411952082121e+00,7.299074099203700428e+00,7.604232097181579775e+00,7.811377477299998873e+00,7.961917889550761629e+00
6.950000000000000178e+00,1.645493998102848397e-10,1.413640523109420876e-03,1.467482081819417332e-03,7.140326805579839231e+00,7.194525640014745704e+00,7.473041250748927666e+00,7.658779244237294392e+00,7.787631683994710841e+00
7.000000000000000000e+00,1.645238380918311584e-10,1.577504963913319578e-03,1.646414110995264969e-03,7.070662692100469826e+00,7.100618079654026360e+00,7.363406155432770106e+00,7.535051597788978484e+00,7.648494366694386315e+00
7.049999999999999822e+00,1.644951620991614420e-10,1.759680550885631394e-03,1.847146059683388037e-03,7.007506250426438044e+00,7.023245891818369557e+00,7.276704356574171584e+00,7.438171587833878107e+00,7.540079841851429876e+00
7.099999999999999645e+00,1.644629930562892876e-10,1.962353798466491724e-03,2.072329359788443754e-03,6.950011839858269980e+00,6.956554299137145847e+00,7.204148521656499327e+00,7.357538975484025912e+00,7.449725344556533457e+00
7.150000000000000355e+00,1.644269062857885803e-10,2.187942438130508014e-03,2.324936753293336232e-03,6.895902933260998680e+00,6.893585309053442245e+00,7.135764955815744770e+00,7.281215455019861338e+00,7.363894828353096500e+00
7.200000000000000178e+00,1.643864256896713078e-10,2.438975149929881354e-03,2.608300926114253890e-03,6.846224358466400872e+00,6.836414779461819080e+00,7.074060120155870379e+00,7.212370440189538101e+00,7.286714727461244934e+00
7.250000000000000000e+00,1.643410175779118646e-10,2.718432243010197261e-03,2.926157708430315255e-03,6.800010824077034499e+00,6.783130728837292622e+00,7.016643091368095497e+00,7.148496725859473599e+00,7.215664607546351306e+00
7.299999999999999822e+00,1.642900837704476143e-10,3.029676973706140267e-03,3.282694360679992446e-03,6.755610109921754258e+00,6.730386449722651321e+00,6.959084775425019131e+00,7.084178071520874198e+00,7.144172533541627956e+00
7.349999999999999645e+00,1.642329538908275625e-10,3.376260508722586911e-03,3.682603518020497596e-03,6.713087689306746597e+00,6.678345399356800272e+00,6.901613762770828941e+00,7.019728199341216168e+00,7.072530288387000041e+00
7.400000000000000355e+00,1.641688767614460274e-10,3.762089279019283083e-03,4.131143423691226516e-03,6.672479744745729136e+00,6.627214517154236262e+00,6.844496673609256732e+00,6.955456828422278193e+00,7.001072674077690294e+00
7.450000000000000178e+00,1.640970108015034789e-10,4.191547872352505665e-03,4.634205143289009746e-03,6.633899345654434399e+00,6.577332422420411717e+00,6.788073301793353664e+00,6.891709595172088143e+00,6.930163312638406126e+00
7.500000000000000000e+00,1.640164133195260767e-10,4.669490724006873650e-03,5.198387517130906299e-03,6.597565344938743692e+00,6.529194599583661329e+00,6.732769264683817312e+00,6.828871586137267968e+00,6.860193150784795080e+00
7.549999999999999822e+00,1.639260285825288965e-10,5.201408391075967863e-03,5.831080676111197181e-03,6.563097872247013242e+00,6.483453422014882506e+00,6.680592000811785169e+00,6.770271687896027402e+00,6.795823023609344204e+00
7.599999999999999645e+00,1.638246745338442271e-10,5.793720877271948261e-03,6.540559016903911907e-03,6.529315557188020591e+00,6.438716910056385245e+00,6.630728900198413100e+00,6.715675243929169369e+00,6.737348803777933881e+00
7.650000000000000355e+00,1.637110280214366908e-10,6.453389825335352492e-03,7.336084603756569573e-03,6.495560183107237151e+00,6.393218319032605734e+00,6.580536480357920937e+00,6.661590064973097469e+00,6.680399485854124464e+00
7.700000000000000178e+00,1.635836083884454963e-10,7.187831102438320408e-03,8.228022034694941131e-03,6.461922513982003125e+00,6.347135532263969537e+00,6.530191084760659237e+00,6.608099251641391447e+00,6.624912831806867075e+00
7.750000000000000000e+00,1.634407592680808728e-10,8.005293465257396976e-03,9.227965877247303744e-03,6.428569581411096578e+00,6.300864690178954675e+00,6.480185967250697843e+00,6.555688313444221649e+00,6.571315321868851811e+00
7.799999999999999822e+00,1.632806284163329573e-10,8.915121092115339471e-03,1.034888183948270805e-02,6.395700828597952636e+00,6.254499208947486011e+00,6.430376739036105960e+00,6.503981150621875429e+00,6.519000416972076550e+00
7.849999999999999645e+00,1.631011454088547937e-10,9.927655578855200391e-03,1.160526289182987024e-02,6.363455175142718190e+00,6.207938255190910581e+00,6.380254892819046120e+00,6.452144470892768879e+00,6.466847817775231988e+00
7.900000000000000355e+00,1.628999970236883259e-10,1.105425623823214076e-02,1.301330158799524073e-02,6.331946593124662570e+00,6.161675595846794806e+00,6.330359815901587694e+00,6.400718263467830127e+00,6.415393473395475610e+00
7.950000000000000178e+00,1.626746001302866963e-10,1.230786030099510070e-02,1.459107984180657049e-02,6.301138871112549111e+00,6.115829146903564606e+00,6.280685294762534454e+00,6.349587000709149720e+00,6.364428380536509167e+00
8.000000000000000000e+00,1.624220719089336963e-10,1.370260322465981229e-02,1.635877739127753958e-02,6.270960581390617961e+00,6.070290469914326081e+00,6.230838182559025995e+00,6.298150408922175814e+00,6.313166378417385260e+00
8.050000000000000711e+00,1.621391972349362159e-10,1.525375362330653323e-02,1.833890010925982167e-02,6.241505940050629420e+00,6.025421115292331820e+00,6.181145461151288600e+00,6.246668294008827615e+00,6.261782966882570634e+00
8.099999999999999645e+00,1.618223930811051318e-10,1.697845779043144834e-02,2.055652918607757743e-02,6.212832087961082550e+00,5.981393391825726269e+00,6.131790427251885944e+00,6.195195172448251242e+00,6.210031740056258798e+00
8.150000000000000355e+00,1.614676698228501453e-10,1.889413888966288632e-02,2.303959199386238291e-02,6.184992883574295774e+00,5.938137456220658805e+00,6.082795604785701471e+00,6.143736326991415808e+00,6.157827138520623578e+00
8.199999999999999289e+00,1.610705893761963304e-10,2.102071933354780764e-02,2.581915512043900240e-02,6.158157160297591304e+00,5.895684573961545993e+00,6.034313654874168265e+00,6.092536440416694177e+00,6.105588107802390141e+00
8.250000000000000000e+00,1.606262201645121433e-10,2.338315863009186174e-02,2.892973960222834651e-02,6.132425092261904354e+00,5.853971995580018017e+00,5.986324184274046445e+00,6.041587494272775416e+00,6.053273048310785498e+00
8.300000000000000711e+00,1.601290890000383650e-10,2.600773823551959935e-02,3.240965775354492928e-02,6.107963770476388277e+00,5.813153584921657568e+00,5.939082733207563081e+00,5.991155735736256815e+00,6.001092886388320835e+00
8.349999999999999645e+00,1.595731300878812534e-10,2.892239348688872835e-02,3.630137013864456752e-02,6.084808862052334177e+00,5.773161513772485876e+00,5.892462900971764839e+00,5.940936821041496785e+00,5.948309633346134717e+00
8.400000000000000355e+00,1.589516315207713511e-10,3.215793998262000269e-02,4.065186010841396330e-02,6.062893051924476140e+00,5.733760412733033718e+00,5.846186367839635523e+00,5.890526369397591111e+00,5.894147730314898581e+00
8.449999999999999289e+00,1.582571798418554281e-10,3.574303139336299645e-02,4.551302186082554352e-02,6.042364243597340590e+00,5.695251090467365884e+00,5.800867080549799937e+00,5.841246444443186192e+00,5.841556097874985198e+00
8.500000000000000000e+00,1.574816035209814429e-10,3.971482080643896212e-02,5.094205610694332170e-02,6.023237647505908399e+00,5.657589314559722027e+00,5.756349836024369893e+00,5.793121132497176973e+00,5.791184403664388469e+00
8.550000000000000711e+00,1.566159165299505453e-10,4.411902394652646858e-02,5.700186504415964694e-02,6.005530318456010264e+00,5.620738714085909749e+00,5.712333980405986722e+00,5.745340935683010741e+00,5.741174835636385865e+00
8.599999999999999645e+00,1.556502636283210717e-10,4.900023147444108190e-02,6.376143535556588748e-02,5.989274927485567446e+00,5.584880901598886282e+00,5.669054349043435082e+00,5.698112621784858334e+00,5.691679844986580861e+00
8.650000000000000355e+00,1.545738694993241580e-10,5.440480079381580791e-02,7.129619425854423487e-02,5.974447044095533954e+00,5.550123664754536890e+00,5.626525950729359238e+00,5.651395279408426120e+00,5.642577611087716605e+00
8.699999999999999289e+00,1.533749945220606294e-10,6.038089776188663299e-02,7.968831909938894897e-02,5.961083036205764074e+00,5.516662578445824749e+00,5.584774982968625068e+00,5.605146635458837068e+00,5.593762685802651902e+00
8.750000000000000000e+00,1.520409007483401173e-10,6.698222048679730589e-02,8.902697551543262144e-02,5.949248809611688671e+00,5.484725654404627448e+00,5.543963935812051602e+00,5.559513489880991699e+00,5.545380279135628143e+00
8.800000000000000711e+00,1.505578325859577213e-10,7.426408458202055085e-02,9.940845265210931925e-02,5.938997814497028571e+00,5.454448413842712284e+00,5.504160707823608334e+00,5.514550030005871406e+00,5.497489540434898458e+00
8.849999999999999645e+00,1.489110177870323595e-10,8.228661827944504237e-02,1.109361562445868726e-01,5.930425449486378398e+00,5.425875441133825916e+00,5.465168393249150824e+00,5.469938736036823457e+00,5.449677855482022437e+00
8.900000000000000355e+00,1.470846956055734725e-10,9.111148913678714101e-02,1.237204115147990668e-01,5.923671134523651460e+00,5.399203795882151269e+00,5.427017781885361103e+00,5.425606821639867405e+00,5.401747160273210113e+00
8.949999999999999289e+00,1.450621804164026745e-10,1.008021600697022874e-01,1.378780178389946709e-01,5.918838489347002962e+00,5.374712610375368627e+00,5.390013966935086387e+00,5.381984620327237678e+00,5.354287201145950803e+00
9.000000000000000000e+00,1.428259706534081892e-10,1.114240372041126331e-01,1.535314861799561004e-01,5.916023068308547295e+00,5.352603935242164823e+00,5.354368756598695711e+00,5.339322633396427875e+00,5.307618710009961660e+00
9.050000000000000711e+00,1.403579145772074505e-10,1.230411149909428487e-01,1.708078787133613385e-01,5.915387466089605084e+00,5.333053455636289186e+00,5.320140552632864228e+00,5.297454016554901557e+00,5.261286167731263674e+00
9.099999999999999645e+00,1.376394460302731101e-10,1.357210664970540659e-01,1.898371585419016405e-01,5.916979529857982811e+00,5.315388121074036576e+00,5.285437022916262606e+00,5.253742306928145922e+00,5.212086221319147228e+00
9.150000000000000355e+00,1.346519048379071374e-10,1.495168657894077324e-01,2.107499468884632965e-01,5.920688635008765743e+00,5.298096826085071598e+00,5.246849638429871732e+00,5.203874752658890657e+00,5.155178787115730188e+00
9.199999999999999289e+00,1.313769576520778610e-10,1.643951151262148802e-01,2.336745771892683454e-01,5.928077492843698337e+00,5.285793420615192417e+00,5.213608770329926756e+00,5.159153623472626293e+00,5.102609735184039153e+00
9.250000000000000000e+00,1.277971355081130568e-10,1.804161896398955578e-01,2.587333321970219924e-01,5.940077449295323220e+00,5.281228242780024118e+00,5.191322364516629762e+00,5.126671859855782998e+00,5.062394044400591042e+00
9.300000000000000711e+00,1.238965037580343467e-10,1.977174992535492837e-01,2.860377544475729561e-01,5.955887030590147901e+00,5.281202703359404893e+00,5.174088879791632678e+00,5.099824051097840538e+00,5.028157354173266924e+00
9.349999999999999645e+00,1.196614778192087077e-10,2.163292520989195111e-01,3.156829360193523781e-01,5.975759552630648841e+00,5.285397927734358348e+00,5.160964263834216581e+00,5.077246303382509041e+00,4.998332344577526953e+00
9.400000000000000355e+00,1.150817936597336522e-10,2.362693535158802705e-01,3.477407251356777751e-01,6.000095173344128341e+00,5.293699163436272670e+00,5.151256348051397538e+00,5.057698579110486037e+00,4.971072354898453227e+00
9.449999999999999289e+00,1.101516343364705407e-10,2.575200866602453398e-01,3.822518403985196156e-01,6.029436208034717026e+00,5.306461157773149750e+00,5.145272544221263900e+00,5.041316304739609677e+00,4.946079396070004464e+00
9.500000000000000000e+00,1.048709023314343782e-10,2.800418794820316859e-01,4.192169644337727097e-01,6.064295108935546352e+00,5.324458611913286177e+00,5.144277219173801541e+00,5.029676985250439714e+00,4.925345308915055398e+00
9.550000000000000711e+00,9.924661103228348434e-11,3.037910149454848274e-01,4.585870035278291068e-01,6.105072208670016209e+00,5.348266601576391110e+00,5.149321126042181618e+00,5.024537308728483254e+00,4.911620260408732008e+00
9.599999999999999645e+00,9.329434678206308962e-11,3.286835121154698114e-01,5.002528532793717453e-01,6.152289562165421444e+00,5.377933775741176703e+00,5.159951492041415122e+00,5.025295703570421324e+00,4.904307998251645984e+00
9.650000000000000355e+00,8.703972522223917768e-11,3.545713384728158002e-01,5.440352041981391107e-01,6.206651032659571854e+00,5.413768128781704547e+00,5.175942902204326401e+00,5.031202446697655262e+00,4.902024297593420954e+00
9.699999999999999289e+00,8.051973271038166053e-11,3.812569548683356624e-01,5.896751517811417154e-01,6.268984112682232990e+00,5.456450510702467227e+00,5.197910134585818298e+00,5.042790641341127866e+00,4.905190994913034785e+00
9.750000000000000000e+00,7.378380722790952948e-11,4.084937135192442947e-01,6.368266301584466493e-01,6.340272706570047490e+00,5.506961640276074377e+00,5.226917243004628233e+00,5.061212423673346450e+00,4.915122906041830220e+00
9.800000000000000711e+00,6.689447706043365461e-11,4.359897556654051543e-01,6.850519413307779582e-01,6.421499566495285194e+00,5.566089743032421211e+00,5.263690404609079110e+00,5.087198363107404475e+00,4.932603231875063443e+00
9.849999999999999645e+00,5.992734567090718811e-11,4.634022315703690831e-01,7.338218610574631651e-01,6.513725876780206647e+00,5.634693358029480237e+00,5.309060909757832292e+00,5.121672814834006715e+00,4.958616912565261714e+00
9.900000000000000355e+00,5.297019635784614832e-11,4.903440534708125020e-01,7.825219062488903976e-01,6.618076595777914406e+00,5.713602575425838381e+00,5.363711051275743102e+00,5.165285032863714321e+00,4.993751177189558632e+00
9.949999999999999289e+00,4.612100184065209625e-11,5.163966299470890142e-01,8.304662678692488198e-01,6.735555318668787095e+00,5.803262209096004653e+00,5.427759612898739761e+00,5.217950532008060804e+00,5.037688302007133245e+00
1.000000000000000000e+01,3.948467472495945393e-11,5.411252662521696122e-01,8.769205576790973788e-01,6.867034049801780782e+00,5.904054857652546673e+00,5.501470868376230783e+00,5.279985678906051305e+00,5.090826787610062354e+00
1.005000000000000071e+01,3.316849691702878772e-11,5.641018107651412095e-01,9.211338023346118398e-01,7.013566448968305167e+00,6.016460605901215786e+00,5.585207714999910422e+00,5.351776040471840190e+00,5.153579206492260312e+00
1.009999999999999964e+01,2.727632662925943735e-11,5.849251072314877176e-01,9.623789943489974297e-01,7.176374877785775652e+00,6.139946848659775469e+00,5.677224727570973073e+00,5.430895740522380777e+00,5.222908074417254909e+00
1.015000000000000036e+01,2.190189725054477097e-11,6.032172904411529091e-01,1.000000000000000000e+00,7.357086572749260256e+00,6.274993305106598029e+00,5.777596205238580751e+00,5.517183567150119927e+00,5.298373043558932238e+00
