# log_age,instantaneous_sfr,integrated_stellar_mass,integrated_formed_mass,u,g,r,i,z
5.500000000000000000e+00,0.000000000000000000e+00,9.974397290443408615e-01,1.000000000000000000e+00,3.503990291516529965e-01,6.998954031665576281e-01,1.203933244695505778e+00,1.563187500068465852e+00,1.878664324730266344e+00
5.549999999999999822e+00,0.000000000000000000e+00,9.973150327505566626e-01,1.000000000000000000e+00,3.454616117469342385e-01,6.950200423190580068e-01,1.198982684740073523e+00,1.558342102174449906e+00,1.873890210958265357e+00
5.599999999999999645e+00,0.000000000000000000e+00,9.972248995310524222e-01,1.000000000000000000e+00,3.386889219067796830e-01,6.884109490508123486e-01,1.192319887560749692e+00,1.551817998135724963e+00,1.867469345909022138e+00
5.650000000000000355e+00,0.000000000000000000e+00,9.969993408486812481e-01,1.000000000000000000e+00,3.337153378208270738e-01,6.833953504285190661e-01,1.187161700935014608e+00,1.546744300689077534e+00,1.862451682148567045e+00
5.700000000000000178e+00,0.000000000000000000e+00,9.968265920448036166e-01,1.000000000000000000e+00,3.262021349645323198e-01,6.760019388913391936e-01,1.179673095218817025e+00,1.539403902258570156e+00,1.855211515353452967e+00
5.750000000000000000e+00,0.000000000000000000e+00,9.966413427048367302e-01,1.000000000000000000e+00,3.173608349680279161e-01,6.673092960532613915e-01,1.170869359550657407e+00,1.530764123606338956e+00,1.846686978757084319e+00
5.799999999999999822e+00,0.000000000000000000e+00,9.964243141639920198e-01,1.000000000000000000e+00,3.071463642320324539e-01,6.572612661928687317e-01,1.160689576700207226e+00,1.520760414175505559e+00,1.836804971484255589e+00
5.849999999999999645e+00,0.000000000000000000e+00,9.960902560292786978e-01,1.000000000000000000e+00,2.968633722987163992e-01,6.470705661554205790e-01,1.150313146221265015e+00,1.510561424124468033e+00,1.826713492736125488e+00
5.900000000000000355e+00,0.000000000000000000e+00,9.958228594585867288e-01,1.000000000000000000e+00,2.811022577665838185e-01,6.316636426691886186e-01,1.134741179787461363e+00,1.495213100956213736e+00,1.811542881756032841e+00
5.950000000000000178e+00,0.000000000000000000e+00,9.954104418994081938e-01,1.000000000000000000e+00,2.653363807940962715e-01,6.161307760511434140e-01,1.118926643525561815e+00,1.479534388506657194e+00,1.795971243905185588e+00
6.000000000000000000e+00,0.000000000000000000e+00,9.950421843348890016e-01,1.000000000000000000e+00,2.452088504509148947e-01,5.964695023034991550e-01,1.098965634858338092e+00,1.459717852049415399e+00,1.776281651720466925e+00
6.049999999999999822e+00,0.000000000000000000e+00,9.946077691660966114e-01,1.000000000000000000e+00,2.216178454374571061e-01,5.734239633147240056e-01,1.075519042645083800e+00,1.436326136407416243e+00,1.752963148683555517e+00
6.099999999999999645e+00,0.000000000000000000e+00,9.940018604607022690e-01,1.000000000000000000e+00,1.962373187835382282e-01,5.485853063796426454e-01,1.050151110223097817e+00,1.410930246469220606e+00,1.727538299398531763e+00
6.150000000000000355e+00,0.000000000000000000e+00,9.933992514015901332e-01,1.000000000000000000e+00,1.628023629448449583e-01,5.159032791982340882e-01,1.016803039334433834e+00,1.377355193172860481e+00,1.693850009123387679e+00
6.200000000000000178e+00,0.000000000000000000e+00,9.926189396257247832e-01,1.000000000000000000e+00,1.233612932442937904e-01,4.772442223933879291e-01,9.772340959752554568e-01,1.337044363414882753e+00,1.653188440088925404e+00
6.250000000000000000e+00,0.000000000000000000e+00,9.916265971017859115e-01,1.000000000000000000e+00,8.021339376777802954e-02,4.346559825678468769e-01,9.336959963385922379e-01,1.292562360421612766e+00,1.608303563855571383e+00
6.299999999999999822e+00,0.000000000000000000e+00,9.899360940450869784e-01,1.000000000000000000e+00,4.645487563493588823e-03,3.568836124544176869e-01,8.522168853073210926e-01,1.210150806286549141e+00,1.524736542631998759e+00
6.349999999999999645e+00,0.000000000000000000e+00,9.870111453266023904e-01,1.000000000000000000e+00,-9.446269901798132196e-02,2.526805662436402145e-01,7.424115427262876210e-01,1.100706870636315671e+00,1.414082509034969348e+00
6.400000000000000355e+00,0.000000000000000000e+00,9.871254303878489456e-01,1.000000000000000000e+00,-2.145889056434810982e-01,1.315498803034671482e-01,6.194188066776433743e-01,9.783130599300520203e-01,1.291330131127850223e+00
6.450000000000000178e+00,0.000000000000000000e+00,9.774880256906238740e-01,1.000000000000000000e+00,-3.559614000159143643e-01,-3.593708209265145115e-02,4.473607404430808288e-01,8.067411533850616934e-01,1.112965642994424798e+00
6.500000000000000000e+00,0.000000000000000000e+00,9.800336435795300449e-01,1.000000000000000000e+00,-6.208781179635813885e-01,-3.108554783785848485e-01,1.568978191470904449e-01,5.096138107844438991e-01,8.122150732181481203e-01
6.549999999999999822e+00,0.000000000000000000e+00,9.749433411334746946e-01,1.000000000000000000e+00,-5.993556859090602984e-01,-4.029212449064161206e-01,2.621006302855732883e-02,3.435940843678793044e-01,6.157603724773537124e-01
6.599999999999999645e+00,0.000000000000000000e+00,9.670076316553921636e-01,1.000000000000000000e+00,-4.267001948708646353e-01,-2.713092100743068613e-01,1.290786458813641957e-01,4.201324658748717411e-01,6.599989092681752823e-01
6.650000000000000355e+00,0.000000000000000000e+00,9.612391357042571194e-01,1.000000000000000000e+00,-3.227215833802290490e-01,-2.207709455291819722e-01,1.843114230714348878e-01,4.754845160353511346e-01,7.135330003046647107e-01
6.700000000000000178e+00,0.000000000000000000e+00,9.561409544949516226e-01,1.000000000000000000e+00,-2.079768611715664406e-01,-1.462437867243053802e-01,2.340322117890920595e-01,5.066572803133979619e-01,7.261265075564438121e-01
6.750000000000000000e+00,0.000000000000000000e+00,9.498933157641084035e-01,1.000000000000000000e+00,-2.206378670450703794e-02,-1.462285952109994014e-01,1.288643659415171783e-01,3.155665764468693624e-01,4.392825904431418849e-01
6.799999999999999822e+00,0.000000000000000000e+00,9.411550585556524018e-01,1.000000000000000000e+00,1.090096826875637248e-01,-2.232828894577494339e-01,-7.024143117499193067e-02,5.780450026440320244e-02,1.186958408902469841e-01
6.849999999999999645e+00,0.000000000000000000e+00,9.320645558145439491e-01,1.000000000000000000e+00,4.270355000690315705e-01,9.912495048570235667e-02,-1.900677473187784017e-04,-2.879885588171049449e-02,-4.201859648158290383e-02
6.900000000000000355e+00,0.000000000000000000e+00,9.235875854952029229e-01,1.000000000000000000e+00,4.994765809269168244e-01,1.844631838772698984e-01,1.874504153402654083e-01,2.051564170437103485e-01,1.997137522625322958e-01
6.950000000000000178e+00,0.000000000000000000e+00,9.151621212464138289e-01,1.000000000000000000e+00,5.871258297744290644e-01,2.707866011723041311e-01,3.624474069845646795e-01,4.115012170981202644e-01,4.076771621980341820e-01
7.000000000000000000e+00,0.000000000000000000e+00,9.063056159098722420e-01,1.000000000000000000e+00,7.166462075491182304e-01,4.740335596619544845e-01,5.898220218661052172e-01,6.355059294577927176e-01,6.263974556710110164e-01
7.049999999999999822e+00,0.000000000000000000e+00,8.976729571408335051e-01,1.000000000000000000e+00,9.203472393579943400e-01,7.788112455668070311e-01,9.384267275249200679e-01,9.854998606850244869e-01,9.643975246217877384e-01
7.099999999999999645e+00,0.000000000000000000e+00,8.903177152166831254e-01,1.000000000000000000e+00,1.044013965075478723e+00,8.861826197660036541e-01,1.045349901204929211e+00,1.084411707342162856e+00,1.052757803570329997e+00
7.150000000000000355e+00,0.000000000000000000e+00,8.828264797564681077e-01,1.000000000000000000e+00,1.189980464699075924e+00,1.023750795804446057e+00,1.175808250951057232e+00,1.197268602287358874e+00,1.149137481847361641e+00
7.200000000000000178e+00,0.000000000000000000e+00,8.751717693682580235e-01,1.000000000000000000e+00,1.375936567244387732e+00,1.227922134005908106e+00,1.391912675395346355e+00,1.417903764013331624e+00,1.376388659276372550e+00
7.250000000000000000e+00,0.000000000000000000e+00,8.685722501961559150e-01,1.000000000000000000e+00,1.495327308815241452e+00,1.308449391738093937e+00,1.454371122635556901e+00,1.468349595133467744e+00,1.421244319377429122e+00
7.299999999999999822e+00,0.000000000000000000e+00,8.619697492684781359e-01,1.000000000000000000e+00,1.620085230011937938e+00,1.392467118916101754e+00,1.520325789220756008e+00,1.523537810765390077e+00,1.469374339235692162e+00
7.349999999999999645e+00,0.000000000000000000e+00,8.551942385619283327e-01,1.000000000000000000e+00,1.749670688132965779e+00,1.481040593454380883e+00,1.591178150552799764e+00,1.583885139249538554e+00,1.522401487814001086e+00
7.400000000000000355e+00,0.000000000000000000e+00,8.482652907956967914e-01,1.000000000000000000e+00,1.883858392215685740e+00,1.575553950171070028e+00,1.667453326872390562e+00,1.649361339836332263e+00,1.580544785079133874e+00
7.450000000000000178e+00,0.000000000000000000e+00,8.414243206117737461e-01,1.000000000000000000e+00,2.028121086143976015e+00,1.681383137492098001e+00,1.752214445113537522e+00,1.721937784957503936e+00,1.645215131810765286e+00
7.500000000000000000e+00,0.000000000000000000e+00,8.344036710983839811e-01,1.000000000000000000e+00,2.184801892380534127e+00,1.802025471037623561e+00,1.846907419125194849e+00,1.801949272931054225e+00,1.716805736278232075e+00
7.549999999999999822e+00,0.000000000000000000e+00,8.278211912927582183e-01,1.000000000000000000e+00,2.314881526632497355e+00,1.945089438218268185e+00,2.020685130288434550e+00,2.004185999361702386e+00,1.946564589448726679e+00
7.599999999999999645e+00,0.000000000000000000e+00,8.219850917914421906e-01,1.000000000000000000e+00,2.403518329919471341e+00,2.003397788628042520e+00,2.085339871186626226e+00,2.082533069942968496e+00,2.040660243637184124e+00
7.650000000000000355e+00,0.000000000000000000e+00,8.159179065866288827e-01,1.000000000000000000e+00,2.493927230394390904e+00,2.064906802373272399e+00,2.153128061175863195e+00,2.162577408985775662e+00,2.134941484527665523e+00
7.700000000000000178e+00,0.000000000000000000e+00,8.097301661113615046e-01,1.000000000000000000e+00,2.587837756658700528e+00,2.130363178941273361e+00,2.224506576098065125e+00,2.245110328548200584e+00,2.230640856733415944e+00
7.750000000000000000e+00,0.000000000000000000e+00,8.034347511888481064e-01,1.000000000000000000e+00,2.688587399166145531e+00,2.209337704087474208e+00,2.313257987918248659e+00,2.346653942703682105e+00,2.346630089548845888e+00
7.799999999999999822e+00,0.000000000000000000e+00,7.974360525080804729e-01,1.000000000000000000e+00,2.795248741653836078e+00,2.277955059683030470e+00,2.377820071203764485e+00,2.414542267160932454e+00,2.420872804037188075e+00
7.849999999999999645e+00,0.000000000000000000e+00,7.912820384969563303e-01,1.000000000000000000e+00,2.905391411659664413e+00,2.351668861937824317e+00,2.444629430643914247e+00,2.482586581861568220e+00,2.493626751742866077e+00
7.900000000000000355e+00,0.000000000000000000e+00,7.852404222445253934e-01,1.000000000000000000e+00,3.020417129187357830e+00,2.442441298484212098e+00,2.531669245159427817e+00,2.572679099136820469e+00,2.590559535405532188e+00
7.950000000000000178e+00,0.000000000000000000e+00,7.795387964820301718e-01,1.000000000000000000e+00,3.128697080020572230e+00,2.520929269333443301e+00,2.597258239196179375e+00,2.635172692268433536e+00,2.654276692949750327e+00
8.000000000000000000e+00,0.000000000000000000e+00,7.736538660414430391e-01,1.000000000000000000e+00,3.239720117824745671e+00,2.606956994473421219e+00,2.667252243429835801e+00,2.700203527436293882e+00,2.718725487153363929e+00
8.050000000000000711e+00,0.000000000000000000e+00,7.676846556816133704e-01,1.000000000000000000e+00,3.354799004089485948e+00,2.702208788372800541e+00,2.745806168181836426e+00,2.772249706639257738e+00,2.788509980883112860e+00
8.099999999999999645e+00,0.000000000000000000e+00,7.618577348855861686e-01,1.000000000000000000e+00,3.470052758598718867e+00,2.796660136501486704e+00,2.822822390769957224e+00,2.838337210970443891e+00,2.841362955827946735e+00
8.150000000000000355e+00,0.000000000000000000e+00,7.547105357126477898e-01,1.000000000000000000e+00,3.589423427070251194e+00,2.889216187180281281e+00,2.901914994096415512e+00,2.909667348221432803e+00,2.906306745429716898e+00
8.199999999999999289e+00,0.000000000000000000e+00,7.484583540246524391e-01,1.000000000000000000e+00,3.717568863073694274e+00,2.985644361123981128e+00,2.985000901213524571e+00,2.984659418885605930e+00,2.974288029652427667e+00
8.250000000000000000e+00,0.000000000000000000e+00,7.430676142735146428e-01,1.000000000000000000e+00,3.844841577632735152e+00,3.074996923212303557e+00,3.062604455944061499e+00,3.054640626301036832e+00,3.036081050837282191e+00
8.300000000000000711e+00,0.000000000000000000e+00,7.375230335978473217e-01,1.000000000000000000e+00,3.987560493620279090e+00,3.179395973548466259e+00,3.156642135812731453e+00,3.139874209255864912e+00,3.111167032841258617e+00
8.349999999999999645e+00,0.000000000000000000e+00,7.321770300919318020e-01,1.000000000000000000e+00,4.117795166947473717e+00,3.264358945359830955e+00,3.227616829767555373e+00,3.195894930131018441e+00,3.141853985409618133e+00
8.400000000000000355e+00,0.000000000000000000e+00,7.267772028883036084e-01,1.000000000000000000e+00,4.256596210063499086e+00,3.356738632773456743e+00,3.309069860444765254e+00,3.263496107615779351e+00,3.184837612268580642e+00
8.449999999999999289e+00,0.000000000000000000e+00,7.194500191351861362e-01,1.000000000000000000e+00,4.399056569785471993e+00,3.455463206122338704e+00,3.405629309174315722e+00,3.371922280161669505e+00,3.327328898851973804e+00
8.500000000000000000e+00,0.000000000000000000e+00,7.146488805974834380e-01,1.000000000000000000e+00,4.538684960713716521e+00,3.543937210069195487e+00,3.478722671373638775e+00,3.438846022999399565e+00,3.393280894568135864e+00
8.550000000000000711e+00,0.000000000000000000e+00,7.097103746270224667e-01,1.000000000000000000e+00,4.681787243103094909e+00,3.639366968379860623e+00,3.561023618527983103e+00,3.514071094865556688e+00,3.466187331135515137e+00
8.599999999999999645e+00,0.000000000000000000e+00,7.051997450818535684e-01,1.000000000000000000e+00,4.821870754058579678e+00,3.734745887045370694e+00,3.641984786601398127e+00,3.586985074752192304e+00,3.535807138835032504e+00
8.650000000000000355e+00,0.000000000000000000e+00,7.000166426887258764e-01,1.000000000000000000e+00,4.958962885437777857e+00,3.833411063183362444e+00,3.722595834829746764e+00,3.658110325571939825e+00,3.601554660584596945e+00
8.699999999999999289e+00,0.000000000000000000e+00,6.948719955861029085e-01,1.000000000000000000e+00,5.097409246970499908e+00,3.936285648833163009e+00,3.801903951955978300e+00,3.726423251989103846e+00,3.664191105323524766e+00
8.750000000000000000e+00,0.000000000000000000e+00,6.896735942497408400e-01,1.000000000000000000e+00,5.234013761465469372e+00,4.044072027625716714e+00,3.886574578080569609e+00,3.800280970202003061e+00,3.732278857420894269e+00
8.800000000000000711e+00,0.000000000000000000e+00,6.841796843618533908e-01,1.000000000000000000e+00,5.369264699470662094e+00,4.150815314466740347e+00,3.965179022607784987e+00,3.867078998961453351e+00,3.793507279958504341e+00
8.849999999999999645e+00,0.000000000000000000e+00,6.789917159692410165e-01,1.000000000000000000e+00,5.505293704723065673e+00,4.257154757981361115e+00,4.037234710516273140e+00,3.924422085012885475e+00,3.842183770276022869e+00
8.900000000000000355e+00,0.000000000000000000e+00,6.733383658886848977e-01,1.000000000000000000e+00,5.642797385535686772e+00,4.370061869502009699e+00,4.112462197119491236e+00,3.983831175183240703e+00,3.891649388779498508e+00
8.949999999999999289e+00,0.000000000000000000e+00,6.679562072768008285e-01,1.000000000000000000e+00,5.774888001138030802e+00,4.486279989934324419e+00,4.192207593896391415e+00,4.052534182510619587e+00,3.956552926256222236e+00
9.000000000000000000e+00,0.000000000000000000e+00,6.622576108741128342e-01,1.000000000000000000e+00,5.905474446135663413e+00,4.604317450125975597e+00,4.270606292200106680e+00,4.115939638130029721e+00,4.012098096180743312e+00
9.050000000000000711e+00,0.000000000000000000e+00,6.566415016822556572e-01,1.000000000000000000e+00,6.035211187166645175e+00,4.723218993780015751e+00,4.346552318797421322e+00,4.172853692282679106e+00,4.055957603543504320e+00
9.099999999999999645e+00,0.000000000000000000e+00,6.512358528563209070e-01,1.000000000000000000e+00,6.147175351787474540e+00,4.792730450209269577e+00,4.341565960820275905e+00,4.138532615791554292e+00,4.003077509026581993e+00
9.150000000000000355e+00,0.000000000000000000e+00,6.448523538845888359e-01,1.000000000000000000e+00,6.238607597236232039e+00,4.818202840184426350e+00,4.286966293074641499e+00,4.056681376363165725e+00,3.905283919282538818e+00
9.199999999999999289e+00,0.000000000000000000e+00,6.328200341646562643e-01,1.000000000000000000e+00,6.504279014027694927e+00,5.144235079375590658e+00,4.623839996195698632e+00,4.374468573364808321e+00,4.191092886253031224e+00
9.250000000000000000e+00,0.000000000000000000e+00,6.282708824242123624e-01,1.000000000000000000e+00,6.657801393532849943e+00,5.302915110291387180e+00,4.765250804965120324e+00,4.508914613864277499e+00,4.318068568097267246e+00
9.300000000000000711e+00,0.000000000000000000e+00,6.234145750902388983e-01,1.000000000000000000e+00,6.800561632686317637e+00,5.446275710355031663e+00,4.894204224057354224e+00,4.636348280601126248e+00,4.441156937710971420e+00
9.349999999999999645e+00,0.000000000000000000e+00,6.189354298988453129e-01,1.000000000000000000e+00,6.938913768948552274e+00,5.564931245184837394e+00,4.985606973890440941e+00,4.715823935225131436e+00,4.514269914674763129e+00
9.400000000000000355e+00,0.000000000000000000e+00,6.144417317357685482e-01,1.000000000000000000e+00,7.078457703779776011e+00,5.677786068800259045e+00,5.072513810528121780e+00,4.789399680894497635e+00,4.570434101872230315e+00
9.449999999999999289e+00,0.000000000000000000e+00,6.096834689905027416e-01,1.000000000000000000e+00,7.224571166717794313e+00,5.792897810444763707e+00,5.162082098838027377e+00,4.862041361241296045e+00,4.624332215304654881e+00
9.500000000000000000e+00,0.000000000000000000e+00,6.052077272753582093e-01,1.000000000000000000e+00,7.360487669239162756e+00,5.926023731420976048e+00,5.285681078023252155e+00,4.978317475822123583e+00,4.731110054888581828e+00
9.550000000000000711e+00,0.000000000000000000e+00,6.014752301184150829e-01,1.000000000000000000e+00,7.483255839317465075e+00,6.043997927767172484e+00,5.399813395155590001e+00,5.097597713169271572e+00,4.857543337054337940e+00
9.599999999999999645e+00,0.000000000000000000e+00,5.977674507220581690e-01,1.000000000000000000e+00,7.604173136849958325e+00,6.146093509992049064e+00,5.486435898283552604e+00,5.179331226615289552e+00,4.935515110671630623e+00
9.650000000000000355e+00,0.000000000000000000e+00,5.940745537794457354e-01,1.000000000000000000e+00,7.725615109564444083e+00,6.247574966081657521e+00,5.572723974523540846e+00,5.259137705403887253e+00,5.009589713095536467e+00
9.699999999999999289e+00,0.000000000000000000e+00,5.903906232332380988e-01,1.000000000000000000e+00,7.850812543162319912e+00,6.352297841982874615e+00,5.662636552966603176e+00,5.342268017990662088e+00,5.086411745787962957e+00
9.750000000000000000e+00,0.000000000000000000e+00,5.867580167583141826e-01,1.000000000000000000e+00,7.983831316924565158e+00,6.469165922275578851e+00,5.766544376388999638e+00,5.441193188259184410e+00,5.182922489697261881e+00
9.800000000000000711e+00,0.000000000000000000e+00,5.832591542584337763e-01,1.000000000000000000e+00,8.111681648453426874e+00,6.575655028337457964e+00,5.860232224607827334e+00,5.529164697870285750e+00,5.266426836042676030e+00
9.849999999999999645e+00,0.000000000000000000e+00,5.797719158356138269e-01,1.000000000000000000e+00,8.247862860084410386e+00,6.696483652955997457e+00,5.970896411779484936e+00,5.637977226003229703e+00,5.374399719257553443e+00
9.900000000000000355e+00,0.000000000000000000e+00,5.763925159913355634e-01,1.000000000000000000e+00,8.377328007412693012e+00,6.803678998980721815e+00,6.065721245431156206e+00,5.727429804067583063e+00,5.458720912639940082e+00
9.949999999999999289e+00,0.000000000000000000e+00,5.730546537348796265e-01,1.000000000000000000e+00,8.503529691622887299e+00,6.911551421251004967e+00,6.163404982336729176e+00,5.821113871081806224e+00,5.548463056388023062e+00
1.000000000000000000e+01,0.000000000000000000e+00,5.698120311905341406e-01,1.000000000000000000e+00,8.616802070050347595e+00,7.008510970792450223e+00,6.252694554112530056e+00,5.907744469278910060e+00,5.632452383849624766e+00
1.005000000000000071e+01,0.000000000000000000e+00,5.666128095150572141e-01,1.000000000000000000e+00,8.744406113958731908e+00,7.117151063937633637e+00,6.353019158705130565e+00,6.005171243624594979e+00,5.726789987067590459e+00
1.009999999999999964e+01,0.000000000000000000e+00,5.635057208080667124e-01,1.000000000000000000e+00,8.872107084093748597e+00,7.196027252581870925e+00,6.410282474672193587e+00,6.052206319729314998e+00,5.764978498206247082e+00
1.015000000000000036e+01,0.000000000000000000e+00,5.601703788967047348e-01,1.000000000000000000e+00,9.033220431402490647e+00,7.320818815608035379e+00,6.519519607528408756e+00,6.154333284909583313e+00,5.859705603619850933e+00
