# log_age,instantaneous_sfr,integrated_stellar_mass,integrated_formed_mass,u,g,r,i,z
5.500000000000000000e+00,1.321878151970546329e-10,4.169509369067164858e-05,4.180211844039962923e-05,1.129740330057154551e+01,1.164689967458645015e+01,1.215093751611539830e+01,1.251019177148836548e+01,1.282566859615015176e+01
5.549999999999999822e+00,1.321873051431155581e-10,4.678225019733898239e-05,4.690265783115182802e-05,1.117213118143392592e+01,1.152163100925301364e+01,1.202566466549535562e+01,1.238492477369881328e+01,1.270040556539837695e+01
5.599999999999999645e+00,1.321867328555261907e-10,5.248949746268202142e-05,5.262553372499379189e-05,1.104624754531653963e+01,1.139576294247007127e+01,1.189978581998364859e+01,1.225906455905085579e+01,1.257455849401869585e+01
5.650000000000000355e+00,1.321860907412392767e-10,5.889208286735503177e-05,5.904667659396805712e-05,1.091981925514235030e+01,1.126935500577337734e+01,1.177335735433493369e+01,1.213266494858848432e+01,1.244817932727120535e+01
5.700000000000000178e+00,1.321853702808728612e-10,6.607443358137748469e-05,6.625128025806404307e-05,1.079285813459831189e+01,1.114241656416325554e+01,1.164638749731133771e+01,1.200573380188337325e+01,1.232127512771809563e+01
5.750000000000000000e+00,1.321845619157208545e-10,7.413166901598197580e-05,7.433493177801762789e-05,1.066520822868127283e+01,1.101480186519164306e+01,1.151873324478541605e+01,1.187813149749476338e+01,1.219370888398839980e+01
5.799999999999999822e+00,1.321836549209875521e-10,8.317015001782478709e-05,8.340487911107849212e-05,1.053679217542641311e+01,1.088643489064300951e+01,1.139031733282336489e+01,1.174978101309363865e+01,1.206540385844992613e+01
5.849999999999999645e+00,1.321826372635676538e-10,9.330860297861083032e-05,9.358145331014023596e-05,1.040761253482853022e+01,1.075731350815203768e+01,1.126113435115357220e+01,1.162067631287476388e+01,1.193635260059971870e+01
5.900000000000000355e+00,1.321814954424893793e-10,1.046806146669327704e-04,1.049996640927925730e-04,1.027743052492851916e+01,1.062720921894050718e+01,1.113095516940730079e+01,1.149058988043832841e+01,1.180633017648139571e+01
5.950000000000000178e+00,1.321802143099100247e-10,1.174357318675716219e-04,1.178109898862245153e-04,1.014604869336592685e+01,1.049593019128315774e+01,1.099958351647328669e+01,1.135932155312458036e+01,1.167513522348222921e+01
6.000000000000000000e+00,1.321787768702957158e-10,1.317414563022137309e-04,1.321853860294444898e-04,1.001333677175408354e+01,1.036335083725975181e+01,1.086688782595157932e+01,1.122673443049562536e+01,1.154262722663106899e+01
6.049999999999999822e+00,1.321771640551308839e-10,1.477860742164178803e-04,1.483135376779151724e-04,9.878983004545439428e+00,1.022917476608346021e+01,1.073256666053756447e+01,1.109252190670578386e+01,1.140849709463504524e+01
6.099999999999999645e+00,1.321753544701800545e-10,1.657787549417713124e-04,1.664093871859453184e-04,9.742855219884752671e+00,1.009326997121784331e+01,1.059647705779988769e+01,1.095653093563631586e+01,1.127258226790651463e+01
6.150000000000000355e+00,1.321733241119637301e-10,1.859543119835774293e-04,1.867129693493121739e-04,9.604543036697862135e+00,9.955235370252822236e+00,1.045820516992849036e+01,1.081833172222575001e+01,1.113444258606438098e+01
6.200000000000000178e+00,1.321710460497052221e-10,2.085754973918085278e-04,2.094935919344847130e-04,9.463427132833530209e+00,9.814462104969052803e+00,1.031712244452870664e+01,1.067725395973573654e+01,1.099338943225527743e+01
6.250000000000000000e+00,1.321684900685529955e-10,2.339337107780792410e-04,2.350534034568093440e-04,9.319203973209653213e+00,9.670628924543464677e+00,1.017289614443579637e+01,1.053292662952431868e+01,1.084903709740825661e+01
6.299999999999999822e+00,1.321656222693747660e-10,2.623468420864238644e-04,2.637313952391998344e-04,9.169811753788579267e+00,9.521475071498144871e+00,1.002307540244965622e+01,1.038289215782277353e+01,1.069887605807421238e+01
6.349999999999999645e+00,1.321624046198513373e-10,2.941515152920153118e-04,2.959078904731527728e-04,9.012027572068006975e+00,9.363401074157614801e+00,9.863741985475435570e+00,1.022332793958968722e+01,1.053903201163790015e+01
6.400000000000000355e+00,1.321587944509628442e-10,3.297863304710998565e-04,3.320095793581434628e-04,8.843423792271380535e+00,9.194109815280945952e+00,9.692766423270100518e+00,1.005221118355423471e+01,1.036754720216984538e+01
6.450000000000000178e+00,1.321547438922461566e-10,3.695713828572566020e-04,3.725151665250364566e-04,8.661718201484319479e+00,9.009488363294664737e+00,9.506054888921326551e+00,9.865454829097160427e+00,1.017983190425054829e+01
6.500000000000000000e+00,1.321501992384083118e-10,4.140536139886909456e-04,4.179617049035320346e-04,8.454918513190442297e+00,8.796810479595102095e+00,9.289395026814723622e+00,9.648095111456569839e+00,9.960605765854161575e+00
6.549999999999999822e+00,1.321451002389871542e-10,4.638930428510932235e-04,4.689516991150744288e-04,8.243008844505482102e+00,8.568258033587085265e+00,9.052056012387765804e+00,9.405762386221454108e+00,9.712881636715216871e+00
6.599999999999999645e+00,1.321393793017563200e-10,5.194372125165469837e-04,5.261610714235907078e-04,8.061245218399321288e+00,8.362267153936066677e+00,8.833904762529286359e+00,9.178486805474818766e+00,9.475793623380553754e+00
6.650000000000000355e+00,1.321329605994577540e-10,5.813172771707181578e-04,5.903480944089616392e-04,7.907574768042870517e+00,8.184279886768045742e+00,8.645209808859945610e+00,8.981081198709546243e+00,9.268466241141318562e+00
6.700000000000000178e+00,1.321257590682026713e-10,6.503532781638666138e-04,6.623634069599428640e-04,7.771138792893566460e+00,8.022984611021755086e+00,8.474247075027292908e+00,8.802082878186809012e+00,9.080334477055629350e+00
6.750000000000000000e+00,1.321176792844932261e-10,7.273489853929857984e-04,7.431612440545224633e-04,7.652426929979249337e+00,7.871553727636708686e+00,8.305574501163278001e+00,8.618137669435213866e+00,8.878012501699380721e+00
6.799999999999999822e+00,1.321086142062712226e-10,8.130521923462694263e-04,8.338120262741660757e-04,7.548674857527934989e+00,7.718361204703867884e+00,8.119957385401946226e+00,8.405962983044858561e+00,8.633173736697841605e+00
6.849999999999999645e+00,1.320984437616739835e-10,9.082982226756978507e-04,9.355164722468190756e-04,7.461367923570222160e+00,7.583013540020019150e+00,7.934766224365709775e+00,8.179792234140450091e+00,8.365108063196394994e+00
6.900000000000000355e+00,1.320870332672560518e-10,1.014154991330968453e-03,1.049621416426084084e-03,7.386054442175542079e+00,7.471582070086931537e+00,7.776830185346717883e+00,7.984053788594707157e+00,8.134677032669600294e+00
6.950000000000000178e+00,1.320742316552999086e-10,1.131834664564960319e-03,1.177637535987610239e-03,7.312753838285090069e+00,7.367006697618606381e+00,7.645613510789985412e+00,7.831427440911859605e+00,7.960357342730262076e+00
7.000000000000000000e+00,1.320598694874609756e-10,1.262617116653406285e-03,1.321259214376825511e-03,7.243054712719228405e+00,7.273067865591357872e+00,7.535948817750224293e+00,7.707669817554979375e+00,7.821187738692842117e+00
7.049999999999999822e+00,1.320437567293577297e-10,1.407930453027611030e-03,1.482386795409500234e-03,7.179857918750698786e+00,7.195658144941432965e+00,7.449212340408330135e+00,7.610756527054512333e+00,7.712739963661455533e+00
7.099999999999999645e+00,1.320256802577936516e-10,1.569509163076181430e-03,1.663151511050155835e-03,7.122317197613924122e+00,7.128922810997288195e+00,7.376616533329844572e+00,7.530086529664352213e+00,7.622349529353058983e+00
7.150000000000000355e+00,1.320054010690656968e-10,1.749269588648716270e-03,1.865943398329675783e-03,7.068155757593828525e+00,7.065904409926716312e+00,7.308188005187204794e+00,7.453721246713506332e+00,7.536479264061114236e+00
7.200000000000000178e+00,1.319826511532408483e-10,1.949205592647218271e-03,2.093442556578302156e-03,7.018417096445652703e+00,7.008677244948678720e+00,7.246431811301150105e+00,7.384828830322305748e+00,7.459254532033249063e+00
7.250000000000000000e+00,1.319571299953480525e-10,2.171677239753843844e-03,2.348654135506061599e-03,6.972135202018421296e+00,6.955328889660826519e+00,7.188956579401541092e+00,7.320901518716048884e+00,7.388154189189819476e+00
7.299999999999999822e+00,1.319285006601059134e-10,2.419350120346677735e-03,2.634947487927391963e-03,6.927657423298732908e+00,6.902512828128529065e+00,7.131333425717642172e+00,7.256523133510086154e+00,7.316606073238695274e+00
7.349999999999999645e+00,1.318963854120648611e-10,2.695026672588703154e-03,2.956099968337965594e-03,6.885047996213167210e+00,6.850391449060744264e+00,7.073789976331340768e+00,7.192006479927961493e+00,7.244901096390613304e+00
7.400000000000000355e+00,1.318603608178643085e-10,3.001786403735016116e-03,3.316345910343484246e-03,6.844341712025460822e+00,6.799170445438306842e+00,7.016591727777786502e+00,7.127660219088248539e+00,7.173373047988725659e+00
7.450000000000000178e+00,1.318199522716725457e-10,3.343087967042811508e-03,3.720431372261249342e-03,6.805649997385650352e+00,6.749186915022207245e+00,6.960077138199871172e+00,7.063828747941741426e+00,7.102384367849595037e+00
7.500000000000000000e+00,1.317746278787785266e-10,3.722759098837603430e-03,4.173675301201341600e-03,6.769189730700674090e+00,6.700934453758279119e+00,6.904670223178463573e+00,7.000895697578513932e+00,7.032324621528445618e+00
7.549999999999999822e+00,1.317237916257432208e-10,4.145135234078416685e-03,4.682037831554433822e-03,6.734579359337097060e+00,6.655063071924281815e+00,6.852375390044002756e+00,6.942186458875696076e+00,6.967850868192606129e+00
7.599999999999999645e+00,1.316667757585034790e-10,4.615306307165878245e-03,5.252196503951984084e-03,6.700636584045888355e+00,6.610180069940753356e+00,6.802378713488550943e+00,6.887464591164942362e+00,6.909256860813798085e+00
7.650000000000000355e+00,1.316028322823909014e-10,5.138782344945921378e-03,5.891631265077817807e-03,6.666701769733258232e+00,6.564518515040049351e+00,6.752036890658544621e+00,6.833238230218576348e+00,6.852171936111830064e+00
7.700000000000000178e+00,1.315311234902376817e-10,5.721415020162773889e-03,6.608719186609752702e-03,6.632863232049160729e+00,6.518254112911627374e+00,6.701524101805006239e+00,6.779588322391717270e+00,6.796531705668705570e+00
7.750000000000000000e+00,1.314507114166871146e-10,6.369716637289308224e-03,7.412839922115473448e-03,6.599285103800177410e+00,6.471780195220816267e+00,6.651330726129259574e+00,6.726997480322523870e+00,6.742759744359780427e+00
7.799999999999999822e+00,1.313605461086449949e-10,7.091079985979413698e-03,8.314493002536692268e-03,6.566163459301947114e+00,6.425187443105123464e+00,6.601309976911714728e+00,6.675087379615199268e+00,6.690247382873323545e+00
7.849999999999999645e+00,1.312594525937000066e-10,7.893690693758665181e-03,9.325428151986576292e-03,6.533633482663901759e+00,6.378372250790860676e+00,6.550951217836995966e+00,6.623022901719814115e+00,6.637872650361842375e+00
7.900000000000000355e+00,1.311461164205758089e-10,8.786540466922922871e-03,1.045878988322862871e-02,6.501804943232826872e+00,6.331824076587466266e+00,6.500789709031145946e+00,6.571339990389219565e+00,6.586167470268186719e+00
7.950000000000000178e+00,1.310190676386273394e-10,9.779901477332332213e-03,1.172927770271342540e-02,6.470637265172086927e+00,6.285656746124104188e+00,6.450815634390608011e+00,6.519919741791582624e+00,6.534919565985994439e+00
8.000000000000000000e+00,1.308766630775509071e-10,1.088499890712756046e-02,1.315332331347748157e-02,6.440054230982418915e+00,6.239757716854491321e+00,6.400632630813035462e+00,6.468159076214668346e+00,6.483340213732304846e+00
8.050000000000000711e+00,1.307170667844879226e-10,1.211395289423930835e-02,1.474928624410759732e-02,6.410144177462044013e+00,6.194482610867979133e+00,6.350562374084873341e+00,6.416312852283596158e+00,6.431600223633807900e+00
8.099999999999999645e+00,1.305382284744086127e-10,1.348041329767767776e-02,1.653766934490057822e-02,6.380957730607718759e+00,6.149997534777682517e+00,6.300782512453857009e+00,6.364430538859529918e+00,6.379449045123394058e+00
8.150000000000000355e+00,1.303378598521498065e-10,1.499819271865331094e-02,1.854135556748867653e-02,6.352541405414768860e+00,6.106226491519805677e+00,6.251309668457857072e+00,6.312511851389764672e+00,6.326796022381117268e+00
8.199999999999999289e+00,1.301134086721294388e-10,1.668316409458501376e-02,2.078586736769217486e-02,6.325055188701576014e+00,6.063193448967638233e+00,6.202289381095518195e+00,6.260794410080528394e+00,6.274052827760961293e+00
8.250000000000000000e+00,1.298620304163297218e-10,1.855543250425137694e-02,2.329964992568952370e-02,6.298589559342310906e+00,6.020827961753873581e+00,6.153693971079356118e+00,6.209263195705815974e+00,6.221171267126088367e+00
8.300000000000000711e+00,1.295805574948270793e-10,2.063617564355146872e-02,2.611437914071595631e-02,6.273300156569213470e+00,5.979274064389635157e+00,6.105769377087305827e+00,6.158175263030713609e+00,6.168353720411012375e+00
8.349999999999999645e+00,1.292654659087057203e-10,2.294794175816787518e-02,2.926529500192959557e-02,6.249210592375796125e+00,5.938454323819271963e+00,6.058380595009509761e+00,6.107219044719236933e+00,6.114857621694859802e+00
8.400000000000000355e+00,1.289128393660212572e-10,2.551571695273119680e-02,3.279156042877386795e-02,6.226240708500505150e+00,5.898123702505230881e+00,6.011240529450070369e+00,6.055982679927495838e+00,6.059902798466616503e+00
8.449999999999999289e+00,1.285183309117662325e-10,2.836264959801428412e-02,3.673664497132431150e-02,6.204522310489842596e+00,5.858568469795599754e+00,5.964947433771477847e+00,6.005768742596423238e+00,6.006409614267326447e+00
8.500000000000000000e+00,1.280771222276137557e-10,3.151918179954517341e-02,4.114873181284920550e-02,6.184053668624201805e+00,5.819730852228360618e+00,5.919334201783783556e+00,5.956588387429462728e+00,5.955010570951195348e+00
8.550000000000000711e+00,1.275838808827209352e-10,3.502317095040643341e-02,4.608114526177727738e-02,6.164832851406245595e+00,5.781559270104452253e+00,5.874088132261832129e+00,5.907624100391842603e+00,5.903846880206465642e+00
8.599999999999999645e+00,1.270327159803672984e-10,3.891169189034902193e-02,5.159279428531347855e-02,6.146871193625294438e+00,5.744216231879164525e+00,5.829426030996621932e+00,5.859065659559647088e+00,5.853054785476579980e+00
8.650000000000000355e+00,1.264171328553009407e-10,4.322359693785179924e-02,5.774862553597726739e-02,6.130121277414019687e+00,5.707788812784869492e+00,5.785344942140895341e+00,5.810855613008278908e+00,5.802497090827159809e+00
8.699999999999999289e+00,1.257299877433351435e-10,4.799966080016630082e-02,6.462007665563541947e-02,6.114593094317115174e+00,5.672448166638062617e+00,5.741851078356802418e+00,5.762933583346097066e+00,5.752051466115190692e+00
8.750000000000000000e+00,1.249634436793087182e-10,5.328590809298745096e-02,7.228551729589938191e-02,6.100322781087463397e+00,5.638394239568988553e+00,5.699082801177311808e+00,5.715423853795897458e+00,5.701841381011568899e+00
8.800000000000000711e+00,1.241089292945363920e-10,5.913046068856330634e-02,8.083066114362261190e-02,6.087330977154152833e+00,5.605732553265752927e+00,5.657082765092752652e+00,5.668357197541780579e+00,5.651903321517281142e+00
8.849999999999999645e+00,1.231571026937356084e-10,6.558647219773627857e-02,9.034892715163050925e-02,6.075675851697766916e+00,5.574475973751120250e+00,5.615631039272422242e+00,5.621396850662328859e+00,5.601807798647151060e+00
8.900000000000000355e+00,1.220978232077485181e-10,7.270961937594307145e-02,1.009417220115015473e-01,6.065454454861068712e+00,5.544783095898026204e+00,5.574729287290480784e+00,5.574445299399869214e+00,5.551335568058689773e+00
8.949999999999999289e+00,1.209201345549134878e-10,8.055868690753123507e-02,1.127186085398518139e-01,6.056724473894377070e+00,5.516888025849951305e+00,5.534644523628635682e+00,5.527895210120071567e+00,5.501037197266263945e+00
9.000000000000000000e+00,1.196122638108092691e-10,8.919612227034352803e-02,1.257973159808938313e-01,6.049531165495110940e+00,5.490944335597077952e+00,5.495548382415414324e+00,5.481959276175558671e+00,5.451195765802580695e+00
9.050000000000000711e+00,1.181616415882525359e-10,9.868562251655550732e-02,1.403035382064614089e-01,6.043979845865081302e+00,5.467074755912463502e+00,5.457459380739166477e+00,5.436440256828817041e+00,5.401334373254179866e+00
9.099999999999999645e+00,1.165549499629372957e-10,1.090970499872380983e-01,1.563704544596136448e-01,6.040060665624650937e+00,5.444579656575761817e+00,5.418508486076831332e+00,5.388749940216648326e+00,5.348315051340541970e+00
9.150000000000000355e+00,1.147782059270166283e-10,1.204914123631069395e-01,1.741378948188204434e-01,6.037608745959182954e+00,5.421959396462931124e+00,5.375379963390855664e+00,5.334699786583790626e+00,5.287438180501176532e+00
9.199999999999999289e+00,1.128168894742958363e-10,1.328600229645947040e-01,1.937510593460281816e-01,6.038041749196572994e+00,5.403570047814888255e+00,5.336901433022973151e+00,5.285137331780134673e+00,5.230287159600891300e+00
9.250000000000000000e+00,1.106561267475665678e-10,1.462785576831417966e-01,2.153586866133209710e-01,6.042158158068090756e+00,5.391947952994058824e+00,5.308370469116312051e+00,5.246807326597746624e+00,5.184511833020785332e+00
9.300000000000000711e+00,1.082809399005543043e-10,1.608951237677982704e-01,2.391105550834436155e-01,6.049112188604041762e+00,5.383957706190770409e+00,5.284055048739737970e+00,5.213290779082122128e+00,5.143908779448089774e+00
9.349999999999999645e+00,1.056765762784553393e-10,1.767737078489797775e-01,2.651541913044333509e-01,6.059050963706496873e+00,5.379213476600376964e+00,5.262983574243222051e+00,5.183216605396886223e+00,5.106912789742615644e+00
9.400000000000000355e+00,1.028289299660212022e-10,1.939757070602957378e-01,2.936306544287745068e-01,6.072251222120492287e+00,5.377524141210777486e+00,5.244433217158942284e+00,5.155346319799065213e+00,5.071712838700591419e+00
9.449999999999999289e+00,9.972506836808128198e-11,2.125406831305063082e-01,3.246692704081737824e-01,6.089111132737656362e+00,5.379134896372100627e+00,5.228624207965779647e+00,5.129747601668292134e+00,5.037977173093537431e+00
9.500000000000000000e+00,9.635387485160884170e-11,2.324984080625732141e-01,3.583812055728981538e-01,6.109991887184690995e+00,5.384668198971716890e+00,5.216652743963756222e+00,5.107819276342560499e+00,5.007503102074458923e+00
9.550000000000000711e+00,9.270681506118946980e-11,2.538843285673262895e-01,3.948518034770919782e-01,6.135146992640962083e+00,5.394555148210422146e+00,5.209402368872765976e+00,5.091102690001882536e+00,4.982758626862519691e+00
9.599999999999999645e+00,8.877882869096429432e-11,2.767091411589410743e-01,4.341316671793437054e-01,6.164935915862997717e+00,5.408754495657106531e+00,5.206387634373236040e+00,5.078973829262160677e+00,4.963121436847913515e+00
9.650000000000000355e+00,8.456933955643718430e-11,3.009376903325481911e-01,4.762265585246148181e-01,6.199877326558755897e+00,5.427469620065750178e+00,5.207350922904765866e+00,5.070699628626897493e+00,4.947277047388602966e+00
9.699999999999999289e+00,8.008336405925097278e-11,3.264988567893870597e-01,5.210863134964769383e-01,6.240594135178461954e+00,5.451240758197123171e+00,5.212801226388442899e+00,5.066722468423627390e+00,4.935571219874972826e+00
9.750000000000000000e+00,7.533268100141639476e-11,3.532813544892321467e-01,5.685931440748227539e-01,6.287839605182000469e+00,5.480869668322526422e+00,5.223644485950529770e+00,5.068033899085541805e+00,4.929143633967413507e+00
9.800000000000000711e+00,7.033700392853883490e-11,3.811324316722545236e-01,6.185499148035983330e-01,6.342370106208122138e+00,5.517006783154663196e+00,5.240507268345126590e+00,5.075269597023584822e+00,4.928677616419363972e+00
9.849999999999999645e+00,6.512507111824065115e-11,4.098467649812057023e-01,6.706692429065801431e-01,6.405017818604441970e+00,5.560381120621784135e+00,5.264122458847104724e+00,5.089242518538590332e+00,4.935035426070456310e+00
9.900000000000000355e+00,5.973553931930450742e-11,4.391638549581386997e-01,7.245645608959415673e-01,6.476691293083526091e+00,5.611740613010731238e+00,5.295143287855644587e+00,5.110577507677191988e+00,4.948786560132731438e+00
9.949999999999999289e+00,5.421753815772774440e-11,4.687693738403220789e-01,7.797445725117090332e-01,6.558255015350070494e+00,5.671590744721584088e+00,5.333821828209323712e+00,5.139346631161686219e+00,4.969795720190163024e+00
1.000000000000000000e+01,4.863071739836351193e-11,4.982957365821102380e-01,8.356127801053515602e-01,6.650564477448064338e+00,5.740499568483329540e+00,5.380631837934146233e+00,5.176047654591215519e+00,4.998611325818032469e+00
1.005000000000000071e+01,4.304460579879069132e-11,5.273288529887063536e-01,8.914738961010798546e-01,6.754719423203738415e+00,5.819265654786512698e+00,5.436296464911634985e+00,5.221414253205743705e+00,5.035982517388248425e+00
1.009999999999999964e+01,3.753710703624059620e-11,5.554197279980737090e-01,9.465488837265807476e-01,6.872073698868511826e+00,5.908190608925025344e+00,5.500237949920993685e+00,5.274353267629045661e+00,5.080350812045033138e+00
1.015000000000000036e+01,3.219199540889865628e-11,5.820742304906635356e-01,1.000000000000000000e+00,7.004362417170227673e+00,6.008405196505655965e+00,5.573272659474241664e+00,5.335493267179877819e+00,5.132131583412224529e+00
