# log_age,instantaneous_sfr,integrated_stellar_mass,integrated_formed_mass,u,g,r,i,z
5.500000000000000000e+00,1.647515972210659420e-10,5.196681570668780032e-05,5.210020635179414458e-05,1.105830042065005614e+01,1.140779679466496077e+01,1.191183463619390892e+01,1.227108889156687610e+01,1.258656571622866238e+01
5.549999999999999822e+00,1.647506890745610814e-10,5.830716156079715289e-05,5.845723188579991537e-05,1.093302919729402589e+01,1.128252902513746392e+01,1.178656268135028995e+01,1.214582278959502304e+01,1.246130358132253946e+01
5.599999999999999645e+00,1.647496701233828061e-10,6.542034118115954420e-05,6.558989013372863296e-05,1.080714656178979283e+01,1.115666195908601566e+01,1.166068483649054599e+01,1.201996357573833052e+01,1.233545751083264008e+01
5.650000000000000355e+00,1.647485268488590925e-10,7.340013391101715787e-05,7.359281179960753996e-05,1.068071939041046647e+01,1.103025514134105833e+01,1.153425748962808939e+01,1.189356508428966208e+01,1.220907946326009608e+01
5.700000000000000178e+00,1.647472440831900827e-10,8.235175885178986222e-05,8.257217148289732129e-05,1.055375952117470462e+01,1.090331795122499159e+01,1.140728888382719930e+01,1.176663518913457551e+01,1.208217651548442007e+01
5.750000000000000000e+00,1.647458048083271317e-10,9.239375951576476933e-05,9.264709552351583729e-05,1.042611101341468327e+01,1.077570465073637251e+01,1.127963602941947840e+01,1.163903428334167955e+01,1.195461167068147290e+01
5.799999999999999822e+00,1.647441899303389264e-10,1.036586878051048250e-04,1.039512414408954558e-04,1.029769652194013929e+01,1.064733923846928576e+01,1.115122167925146357e+01,1.151068536138693332e+01,1.182630820804232030e+01
5.849999999999999645e+00,1.647423780262792250e-10,1.162945044142472365e-04,1.166345698589073173e-04,1.016851862646699090e+01,1.051821960173894155e+01,1.102204044266839844e+01,1.138158240709950064e+01,1.169725869669710505e+01
5.900000000000000355e+00,1.647403450602103250e-10,1.304676874791006616e-04,1.308653323411854163e-04,1.003833856324830975e+01,1.038811726016580650e+01,1.089186320766641813e+01,1.125149792249913361e+01,1.156723822116915557e+01
5.950000000000000178e+00,1.647380640646298298e-10,1.463646021001081983e-04,1.468323014045896881e-04,9.906958900916130517e+00,1.025684040314020962e+01,1.076049372413839933e+01,1.112023176589558204e+01,1.143604543981552268e+01
6.000000000000000000e+00,1.647355047830925908e-10,1.641939854498393296e-04,1.647472721651657571e-04,9.774249395004915186e+00,1.012426346682649836e+01,1.062780044961556314e+01,1.098764706071875707e+01,1.130353986149556533e+01
6.049999999999999822e+00,1.647326332693107472e-10,1.841904718373628381e-04,1.848478686381222608e-04,9.639898312751164156e+00,9.990090083616671279e+00,1.049348196979783410e+01,1.085343722403853661e+01,1.116941241779807115e+01
6.099999999999999645e+00,1.647294114374430015e-10,2.066147135198751123e-04,2.074006917124019832e-04,9.503773511211917935e+00,9.854188276014184567e+00,1.035739535094975849e+01,1.071744923821024287e+01,1.103350057740202317e+01
6.150000000000000355e+00,1.647257965576451663e-10,2.317593121874740342e-04,2.327048502972068039e-04,9.365464633391461291e+00,9.716156986087355563e+00,1.021912676928202757e+01,1.057925333175506921e+01,1.089536420323212695e+01
6.200000000000000178e+00,1.647217406902374214e-10,2.599516753549624025e-04,2.610959221513806257e-04,9.224352377276595405e+00,9.575387376224753666e+00,1.007804769226045494e+01,1.043817921649156943e+01,1.075431469640669491e+01
6.250000000000000000e+00,1.647171900510421047e-10,2.915548960289091312e-04,2.929503965186994858e-04,9.080133238531715278e+00,9.431558225984446153e+00,9.933825412502606866e+00,1.029385590215068902e+01,1.060996637566778134e+01
6.299999999999999822e+00,1.647120842995483953e-10,3.269650589983319608e-04,3.286906569747019341e-04,8.930745380250044718e+00,9.282408737758650830e+00,9.784009015373364093e+00,1.014382576697445870e+01,1.045980966748598462e+01
6.349999999999999645e+00,1.647063557405572653e-10,3.666015675198289647e-04,3.687905699127244597e-04,8.772965815166671177e+00,9.124339339613811717e+00,9.624680154446224378e+00,9.984266096241441346e+00,1.029997015733473376e+01
6.400000000000000355e+00,1.646999284288358082e-10,4.110108850997288166e-04,4.137817519629037838e-04,8.604366840737370126e+00,8.955052852954352716e+00,9.453709305342236746e+00,9.813154049092027265e+00,1.012849004241798667e+01
6.450000000000000178e+00,1.646927171650569508e-10,4.605917263557803140e-04,4.642605984146496779e-04,8.422666175798113386e+00,8.770436186653768118e+00,9.267002482184111045e+00,9.626402406421654234e+00,9.940779414221168508e+00
6.500000000000000000e+00,1.646846263698970383e-10,5.160254799564002867e-04,5.208961645342824335e-04,8.215870948114883277e+00,8.557762491341890154e+00,9.050346646897416747e+00,9.409046682110073334e+00,9.721557187637181130e+00
6.549999999999999822e+00,1.646755488215975141e-10,5.781343894143856164e-04,5.844390026308225001e-04,8.003966532392269073e+00,8.329214452701798166e+00,8.813011640429508020e+00,9.166717703177930332e+00,9.473836545328410352e+00
6.599999999999999645e+00,1.646653642405508924e-10,6.473511472853203360e-04,6.557310699572191631e-04,7.822211066278882186e+00,8.123230490565106265e+00,8.594866739027644087e+00,8.939448003251783348e+00,9.236753932118944022e+00
6.650000000000000355e+00,1.646539377025187680e-10,7.244618125613843090e-04,7.357168361819484180e-04,7.668551706058956086e+00,7.945253002861065283e+00,8.406181076919367001e+00,8.742051257351995730e+00,9.029434938020763468e+00
6.700000000000000178e+00,1.646411178599193402e-10,8.104877162747284747e-04,8.254557343781189754e-04,7.532129321674268851e+00,7.783969845974191060e+00,8.235229991606757949e+00,8.563064171053206053e+00,8.841313959098179964e+00
6.750000000000000000e+00,1.646267349482003087e-10,9.064297222104687746e-04,9.261361164111038850e-04,7.413434039662185171e+00,7.632553130919788487e+00,8.066570383543499645e+00,8.379130865415000073e+00,8.639002655681707665e+00
6.799999999999999822e+00,1.646105985516230048e-10,1.013218697558105653e-03,1.039090892452440833e-03,7.309701766233160924e+00,7.479375974165023422e+00,7.880965926792327991e+00,8.166966793733806185e+00,8.394172163774548778e+00
6.849999999999999645e+00,1.645924950997899540e-10,1.131894321562821335e-03,1.165815055283618996e-03,7.222418731212030707e+00,7.344047475674884140e+00,7.695789174883380213e+00,7.940807000051314901e+00,8.126114516639205476e+00
6.900000000000000355e+00,1.645721850629315339e-10,1.263785811511909012e-03,1.307985313292630344e-03,7.147133305063540831e+00,7.232640189483646509e+00,7.537872644863078619e+00,7.745084920073487922e+00,7.895697655240951462e+00
6.950000000000000178e+00,1.645493998102848397e-10,1.410401727538453890e-03,1.467482081819417332e-03,7.073863982866456013e+00,7.128092396015823340e+00,7.406681172726095497e+00,7.592482253969208728e+00,7.721400402511434891e+00
7.000000000000000000e+00,1.645238380918311584e-10,1.573334462938427193e-03,1.646414110995264969e-03,7.004200188418479911e+00,7.034185871300564941e+00,7.297047623647365810e+00,7.468754800427149121e+00,7.582259998242506072e+00
7.049999999999999822e+00,1.644951620991614420e-10,1.754360470647465392e-03,1.847146059683388037e-03,6.941044122572670005e+00,6.956815327741033173e+00,7.210349780994533830e+00,7.371879295322820269e+00,7.473849068342886426e+00
7.099999999999999645e+00,1.644629930562892876e-10,1.955637203302600536e-03,2.072329359788443754e-03,6.883550146986550544e+00,6.890125848178080048e+00,7.137799595555229359e+00,7.291254036079209300e+00,7.383502273936187521e+00
7.150000000000000355e+00,1.644269062857885803e-10,2.179547677857704424e-03,2.324936753293336232e-03,6.829441726855264960e+00,6.827159233446295161e+00,7.069422441275179381e+00,7.214938934276624138e+00,7.297680766124472029e+00
7.200000000000000178e+00,1.643864256896713078e-10,2.428570179394027532e-03,2.608300926114253890e-03,6.779763704499380594e+00,6.769991460643353776e+00,7.007725179576624441e+00,7.146104111458917885e+00,7.220512113850233504e+00
7.250000000000000000e+00,1.643410175779118646e-10,2.705637727131677238e-03,2.926157708430315255e-03,6.733550790098774996e+00,6.716710517583813100e+00,6.950316739015249823e+00,7.082242105887864625e+00,7.149475529576044153e+00
7.299999999999999822e+00,1.642900837704476143e-10,3.014062013282424717e-03,3.282694360679992446e-03,6.689150758137031971e+00,6.663969582980847406e+00,6.892767540146479632e+00,7.017935741235078240e+00,7.077997555681953656e+00
7.349999999999999645e+00,1.642329538908275625e-10,3.357322653230293465e-03,3.682603518020497596e-03,6.646629089617206887e+00,6.611932141798931184e+00,6.835306237794604556e+00,6.953498830480143056e+00,7.006370073104740470e+00
7.400000000000000355e+00,1.641688767614460274e-10,3.739241308826097426e-03,4.131143423691226516e-03,6.606021975853437311e+00,6.560805168286449884e+00,6.778199533914232688e+00,6.889241199955336015e+00,6.934928012404988351e+00
7.450000000000000178e+00,1.640970108015034789e-10,4.164108103397437879e-03,4.634205143289009746e-03,6.567442496882200942e+00,6.510927329244758255e+00,6.721787329291522894e+00,6.825508619579387926e+00,6.864035153555072100e+00
7.500000000000000000e+00,1.640164133195260767e-10,4.636668064132287194e-03,5.198387517130906299e-03,6.531109518881628162e+00,6.462794174437782146e+00,6.666495381788585917e+00,6.762686341938248802e+00,6.794082635628939215e+00
7.549999999999999822e+00,1.639260285825288965e-10,5.162292630262944881e-03,5.831080676111197181e-03,6.496643179712620508e+00,6.417058166879222370e+00,6.614331600660150912e+00,6.704104265319315914e+00,6.729733005171880222e+00
7.599999999999999645e+00,1.638246745338442271e-10,5.747285636667205481e-03,6.540559016903911907e-03,6.462862105833757198e+00,6.372327286426362036e+00,6.564483384073710681e+00,6.649527936809178641e+00,6.671282623318447236e+00
7.650000000000000355e+00,1.637110280214366908e-10,6.398464506142077443e-03,7.336084603756569573e-03,6.429108081311113665e+00,6.326834695350278537e+00,6.514306831435867196e+00,6.595464367184746379e+00,6.614359232300252245e+00
7.700000000000000178e+00,1.635836083884454963e-10,7.123060076805855581e-03,8.228022034694941131e-03,6.395471880976579371e+00,6.280758310116588916e+00,6.463978385048129383e+00,6.541996802905380548e+00,6.558900773281763463e+00
7.750000000000000000e+00,1.634407592680808728e-10,7.929111141916128994e-03,9.227965877247303744e-03,6.362120550296538113e+00,6.234494329817252378e+00,6.413991492985509524e+00,6.489611062518207518e+00,6.505334140796890097e+00
7.799999999999999822e+00,1.632806284163329573e-10,8.825734659302546595e-03,1.034888183948270805e-02,6.329253549382379163e+00,6.188136211854974533e+00,6.364201828047299614e+00,6.437931084051783159e+00,6.453052792895626055e+00
7.849999999999999645e+00,1.631011454088547937e-10,9.823011720621790954e-03,1.160526289182987024e-02,6.297009815432069502e+00,6.141583146691118600e+00,6.314100834011604491e+00,6.386123400167306841e+00,6.400936115032763496e+00
7.900000000000000355e+00,1.628999970236883259e-10,1.093199822404006261e-02,1.301330158799524073e-02,6.265503339825514217e+00,6.095328991723306444e+00,6.264228141851205578e+00,6.334728351395249035e+00,6.349520516847718454e+00
7.950000000000000178e+00,1.626746001302866963e-10,1.216530874489027761e-02,1.459107984180657049e-02,6.234697929093641733e+00,6.049491725590897317e+00,6.214577649185422104e+00,6.283630523397711443e+00,6.298597112081722571e+00
8.000000000000000000e+00,1.624220719089336963e-10,1.353669919798514490e-02,1.635877739127753958e-02,6.204522175605774237e+00,6.003962952730240943e+00,6.164756190275923586e+00,6.232229507934455626e+00,6.247379478718819712e+00
8.050000000000000711e+00,1.621391972349362159e-10,1.506098335519240154e-02,1.833890010925982167e-02,6.175070321663277184e+00,5.959104332631973477e+00,6.115090972877894160e+00,6.180785370364027642e+00,6.196043384382413421e+00
8.099999999999999645e+00,1.618223930811051318e-10,1.675481001686967425e-02,2.055652918607757743e-02,6.146399534475804671e+00,5.915088270924726999e+00,6.065765497303090115e+00,6.129352808611812975e+00,6.144342425760029869e+00
8.150000000000000355e+00,1.614676698228501453e-10,1.863494214049358361e-02,2.303959199386238291e-02,6.118563705791032703e+00,5.871845002416307580e+00,6.016802455211490042e+00,6.077937275145806950e+00,6.092191127204017675e+00
8.199999999999999289e+00,1.610705893761963304e-10,2.072060177518302015e-02,2.581915512043900240e-02,6.091731709352693258e+00,5.829405890514244959e+00,5.968354748701457879e+00,6.026783789030695004e+00,6.040008918014578398e+00
8.250000000000000000e+00,1.606262201645121433e-10,2.303614861343233206e-02,2.892973960222834651e-02,6.066003761969440689e+00,5.787708273785987956e+00,5.920402167970230778e+00,5.975884540305379744e+00,5.987754371757830540e+00
8.300000000000000711e+00,1.601290890000383650e-10,2.560710821698915576e-02,3.240965775354492928e-02,6.041547008113425932e+00,5.746906156673922794e+00,5.873200600292186380e+00,5.925506205185087083e+00,5.935638823540223541e+00
8.349999999999999645e+00,1.595731300878812534e-10,2.846050385472663480e-02,3.630137013864456752e-02,6.018397168556980148e+00,5.706931821336070243e+00,5.826623825976191995e+00,5.875344478093040834e+00,5.882923808157094925e+00
8.400000000000000355e+00,1.589516315207713511e-10,3.162613657781553761e-02,4.065186010841396330e-02,5.996486984754170635e+00,5.667549977429970909e+00,5.780393608284704499e+00,5.824994875155745433e+00,5.828833056004853574e+00
8.449999999999999289e+00,1.582571798418554281e-10,3.513119747126999121e-02,4.551302186082554352e-02,5.975964437031237253e+00,5.629061646561979160e+00,5.735124546108842480e+00,5.775780873389287251e+00,5.776318785041489434e+00
8.500000000000000000e+00,1.574816035209814429e-10,3.901157932127151395e-02,5.094205610694332170e-02,5.956844815186926212e+00,5.591422751200752828e+00,5.690661677325820733e+00,5.727727037632163842e+00,5.726032040085385688e+00
8.550000000000000711e+00,1.566159165299505453e-10,4.331192084301162259e-02,5.700186504415964694e-02,5.939145260994635578e+00,5.554597081505264100e+00,5.646704461956929322e+00,5.680023499613213289e+00,5.676113403072804431e+00
8.599999999999999645e+00,1.556502636283210717e-10,4.807528005270716998e-02,6.376143535556588748e-02,5.922898547223518051e+00,5.518766495999585686e+00,5.603488251394097119e+00,5.632877608597141261e+00,5.626715925699855347e+00
8.650000000000000355e+00,1.545738694993241580e-10,5.334618809801659062e-02,7.129619425854423487e-02,5.908080354164852110e+00,5.484039039080663258e+00,5.561028451458120969e+00,5.586248811336076869e+00,5.577718045949417558e+00
8.699999999999999289e+00,1.533749945220606294e-10,5.917067166824718089e-02,7.968831909938894897e-02,5.894727179637044401e+00,5.450610609981218602e+00,5.519351702114263958e+00,5.540095201535919500e+00,5.529014571815814350e+00
8.750000000000000000e+00,1.520409007483401173e-10,6.560019813443343506e-02,8.902697551543262144e-02,5.882905086733259736e+00,5.418709616221271119e+00,5.478621121984843967e+00,5.494564221457679309e+00,5.480751365155619226e+00
8.800000000000000711e+00,1.505578325859577213e-10,7.268750778848943883e-02,9.940845265210931925e-02,5.872667707414642280e+00,5.388471998670745222e+00,5.438905217294177419e+00,5.449710640737954748e+00,5.432988148784033910e+00
8.849999999999999645e+00,1.489110177870323595e-10,8.048998994585264410e-02,1.109361562445868726e-01,5.864110657743260901e+00,5.359942783807419175e+00,5.400007453470024643e+00,5.405217004713655626e+00,5.385312052142211314e+00
8.900000000000000355e+00,1.470846956055734725e-10,8.906621187261702655e-02,1.237204115147990668e-01,5.857373603871174339e+00,5.333319611905828594e+00,5.361959275748446885e+00,5.361010926149788247e+00,5.337525032048283435e+00
8.949999999999999289e+00,1.450621804164026745e-10,9.847626582015886476e-02,1.378780178389946709e-01,5.852560411980746835e+00,5.308882287784115306e+00,5.325066773995622782e+00,5.317523921775062945e+00,5.290218343193757278e+00
9.000000000000000000e+00,1.428259706534081892e-10,1.087819889888816810e-01,1.535314861799561004e-01,5.849766889808158510e+00,5.286833540444966673e+00,5.289542668033192285e+00,5.275007410000796426e+00,5.243713768036350586e+00
9.050000000000000711e+00,1.403579145772074505e-10,1.200434438347631194e-01,1.708078787133613385e-01,5.849156025927953806e+00,5.267349877795773239e+00,5.255446184117872122e+00,5.233294718549259983e+00,5.197555046743765672e+00
9.099999999999999645e+00,1.376394460302731101e-10,1.323244330959913173e-01,1.898371585419016405e-01,5.850776202239103441e+00,5.249758630573893470e+00,5.220882494089877923e+00,5.189743827347236049e+00,5.148530324252320156e+00
9.150000000000000355e+00,1.346519048379071374e-10,1.456731213426551708e-01,2.107499468884632965e-01,5.854517278085893395e+00,5.232548180049761299e+00,5.182436617445397076e+00,5.140030663588596838e+00,5.091784160748829891e+00
9.199999999999999289e+00,1.313769576520778610e-10,1.600458033260749036e-01,2.336745771892683454e-01,5.861942921665338702e+00,5.220337172348465060e+00,5.149356453961132729e+00,5.095483993764233333e+00,5.039394915512019679e+00
9.250000000000000000e+00,1.277971355081130568e-10,1.754986400116262946e-01,2.587333321970219924e-01,5.873985320656373688e+00,5.215880527296114622e+00,5.127265133329551361e+00,5.063219066795824119e+00,4.999405313584496469e+00
9.300000000000000711e+00,1.238965037580343467e-10,1.921705795516558402e-01,2.860377544475729561e-01,5.889843445743949246e+00,5.215978859256665601e+00,5.110253047607244525e+00,5.036617903079850578e+00,4.965426387826866517e+00
9.349999999999999645e+00,1.196614778192087077e-10,2.100878865551884522e-01,3.156829360193523781e-01,5.909771766476794141e+00,5.220315172880617638e+00,5.097377129313478861e+00,5.014315975173971651e+00,4.935888893109414255e+00
9.400000000000000355e+00,1.150817936597336522e-10,2.292652469558565387e-01,3.477407251356777751e-01,5.934172445979875476e+00,5.228777416284977164e+00,5.087946762066749784e+00,4.995072292298821992e+00,4.908942005266737851e+00
9.449999999999999289e+00,1.101516343364705407e-10,2.496813931513855445e-01,3.822518403985196156e-01,5.963590531430888575e+00,5.241724304926705713e+00,5.082273865451469419e+00,4.979025509928050042e+00,4.884288232299091703e+00
9.500000000000000000e+00,1.048709023314343782e-10,2.712941065330075063e-01,4.192169644337727097e-01,5.998541355212886117e+00,5.259935720848986307e+00,5.081631186147340884e+00,4.967762669987095592e+00,4.863930184619079000e+00
9.550000000000000711e+00,9.924661103228348434e-11,2.940595841690192280e-01,4.585870035278291068e-01,6.039427352108326374e+00,5.283991925041583215e+00,5.087078846079691630e+00,4.963053188352553491e+00,4.850635428982343456e+00
9.599999999999999645e+00,9.329434678206308962e-11,3.178951608931781525e-01,5.002528532793717453e-01,6.086773163566050471e+00,5.313946979587477415e+00,5.098169559483622493e+00,4.964300042933388113e+00,4.843811807466764208e+00
9.650000000000000355e+00,8.703972522223917768e-11,3.426552406280322649e-01,5.440352041981391107e-01,6.141288793477428953e+00,5.350118044330869793e+00,5.114686049941951751e+00,4.970758145535185690e+00,4.842075128928577499e+00
9.699999999999999289e+00,8.051973271038166053e-11,3.681469761628924364e-01,5.896751517811417154e-01,6.203810066725331751e+00,5.393198559437394124e+00,5.137257038462102798e+00,4.982972997133423121e+00,4.845857509388096673e+00
9.750000000000000000e+00,7.378380722790952948e-11,3.941298107446281618e-01,6.368266301584466493e-01,6.275331574584129157e+00,5.444185325600528813e+00,5.166965899872025147e+00,5.002115382907099672e+00,4.856491885815231058e+00
9.800000000000000711e+00,6.689447706043365461e-11,4.203203065941445993e-01,6.850519413307779582e-01,6.356850406697382994e+00,5.503886669727769743e+00,5.204561120727312584e+00,5.028936361067181338e+00,4.874780273939656183e+00
9.849999999999999645e+00,5.992734567090718811e-11,4.463865985603941988e-01,7.338218610574631651e-01,6.449447709617992075e+00,5.573188780994193792e+00,5.250904510195937291e+00,5.064388860009756854e+00,4.901733927247057920e+00
9.900000000000000355e+00,5.297019635784614832e-11,4.719556169949248869e-01,7.825219062488903976e-01,6.554276502748940914e+00,5.652959407783086476e+00,5.306717814551326740e+00,5.109157543156506165e+00,4.937970915145911022e+00
9.949999999999999289e+00,4.612100184065209625e-11,4.966265166145041876e-01,8.304662678692488198e-01,6.672386228840970546e+00,5.743697745299556345e+00,5.372170658709315205e+00,5.163200179090530639e+00,4.983206697791359829e+00
1.000000000000000000e+01,3.948467472495945393e-11,5.199842278841606547e-01,8.769205576790973788e-01,6.804725302711887025e+00,5.845872143859580206e+00,5.447606532785556510e+00,5.226901992787247764e+00,5.037898588268241440e+00
1.005000000000000071e+01,3.316849691702878772e-11,5.416201397873334766e-01,9.211338023346118398e-01,6.952464124720378891e+00,5.960134973150182702e+00,5.533592554666498131e+00,5.300863489494240355e+00,5.102681572541861499e+00
1.009999999999999964e+01,2.727632662925943735e-11,5.611569398711090395e-01,9.623789943489974297e-01,7.116986986930264436e+00,6.086248874899361283e+00,5.628763427023002919e+00,5.383088180800463363e+00,5.174994145542171964e+00
1.015000000000000036e+01,2.190189725054477097e-11,5.782422068774331070e-01,1.000000000000000000e+00,7.300093824070692961e+00,6.224986580701468597e+00,5.733539945384059422e+00,5.473795979659939803e+00,5.254813749594688943e+00
