# log_age,instantaneous_sfr,integrated_stellar_mass,integrated_formed_mass,u,g,r,i,z
5.500000000000000000e+00,5.003494851504283936e-10,1.578317799502201456e-04,1.582369093132481193e-04,9.852129549934943498e+00,1.020162592394984813e+01,1.070566376547878917e+01,1.106491802085175635e+01,1.138039484551354974e+01
5.549999999999999822e+00,5.003398320951906082e-10,1.770872345585606784e-04,1.775430197887848728e-04,9.726865791246538606e+00,1.007636561929273711e+01,1.058039927525986457e+01,1.093965938384818770e+01,1.125514017580860582e+01
5.599999999999999645e+00,5.003290014107782066e-10,1.986894477439972006e-04,1.992043886136566613e-04,9.600991493960080447e+00,9.950506892445503127e+00,1.045452976894134167e+01,1.081380850969405572e+01,1.112930244584232753e+01
5.650000000000000355e+00,5.003168494620983173e-10,2.229231042827510339e-04,2.235082859733705015e-04,9.474573645620964157e+00,9.824109399047365798e+00,1.032811174504642793e+01,1.068741934310814656e+01,1.100293372447612228e+01
5.700000000000000178e+00,5.003032151027859492e-10,2.501075953715830983e-04,2.507770045981571835e-04,9.347624203546203603e+00,9.697182637641198255e+00,1.020115356569347398e+01,1.056049987712966498e+01,1.087604120777280770e+01
5.750000000000000000e+00,5.002879175423513518e-10,2.806027325769980545e-04,2.813721254672552400e-04,9.219987346698161446e+00,9.569580990780977459e+00,1.007351236187433585e+01,1.043291062590446217e+01,1.074848802029612216e+01
5.799999999999999822e+00,5.002707539540770817e-10,3.148108123004677780e-04,3.156993020158745632e-04,9.091585869516691787e+00,9.441228596984203136e+00,9.945111026113828245e+00,1.030457472379359984e+01,1.062019758127551938e+01
5.849999999999999645e+00,5.002514967922859875e-10,3.531808529265546641e-04,3.542136255982097155e-04,8.962422516085176483e+00,9.312123507594677108e+00,9.815944331255622046e+00,1.017548631827057193e+01,1.049116262347451567e+01
5.900000000000000355e+00,5.002298907838445835e-10,3.962180162855711381e-04,3.974256424807470680e-04,8.832258674375971452e+00,9.182037395506284838e+00,9.685783318287711552e+00,1.004541806480212074e+01,1.036115838536404965e+01
5.950000000000000178e+00,5.002056495545602740e-10,4.444877413816893585e-04,4.459081010494811881e-04,8.700897087992622403e+00,9.050778626106058766e+00,9.554431912171821750e+00,9.914169996477738778e+00,1.022998370008309621e+01
6.000000000000000000e+00,5.001784518464336445e-10,4.986232600342117328e-04,5.003035173027490417e-04,8.568207711551963257e+00,8.918221836006004821e+00,9.421758769605233397e+00,9.781605435367950463e+00,1.009749827482273332e+01
6.049999999999999822e+00,5.001479372764935638e-10,5.593362625880508171e-04,5.613326571829884738e-04,8.433879002226440491e+00,8.784070850821393606e+00,9.287462668060811666e+00,9.647417989571977159e+00,9.963393231916967352e+00
6.099999999999999645e+00,5.001137015820887835e-10,6.274172134593590348e-04,6.298040459923998600e-04,8.297779057877718856e+00,8.648193934924577775e+00,9.151400912805030430e+00,9.511454878598918583e+00,9.827506275470312858e+00
6.150000000000000355e+00,5.000752912910010498e-10,7.037533025280779970e-04,7.066246281680104357e-04,8.159497722114032570e+00,8.510190234319736646e+00,9.013159880171237148e+00,9.373286527440761517e+00,9.689397462570241260e+00
6.200000000000000178e+00,5.000321977474823027e-10,7.893370394241254039e-04,7.928117152053627435e-04,8.018415860524441996e+00,8.369451082914302731e+00,8.872111202914233274e+00,9.232242802341758647e+00,9.548378343884223796e+00
6.250000000000000000e+00,4.999838504172520809e-10,8.852688236870261736e-04,8.895063756658600504e-04,7.874230224857456051e+00,8.225655513304154454e+00,8.727922421700029076e+00,9.087952949335218022e+00,9.404063469789882390e+00
6.299999999999999822e+00,4.999296093855086875e-10,9.927486361112286897e-04,9.979884391527193976e-04,7.724878704072523306e+00,8.076542393233651751e+00,8.578142226365152112e+00,8.937958946517341019e+00,9.253942849185762043e+00
6.349999999999999645e+00,4.998687569520575178e-10,1.113046502115030891e-03,1.119693306055066220e-03,7.567137604134217099e+00,7.918511314860609218e+00,8.418851325621218962e+00,8.778437164739557375e+00,9.094141134523880510e+00
6.400000000000000355e+00,4.998004882166134698e-10,1.247817389628763738e-03,1.256230776943191530e-03,7.398578665638041230e+00,7.749264587850952068e+00,8.247919743522160729e+00,8.607364349471559706e+00,8.922700132026612607e+00
6.450000000000000178e+00,4.997239005351203120e-10,1.398266265456399272e-03,1.409406139929389240e-03,7.216919038689738386e+00,7.564687791414868911e+00,8.061252169452608030e+00,8.420651960867459707e+00,8.735028407340351464e+00
6.500000000000000000e+00,4.996379817144386712e-10,1.566455194629423489e-03,1.581243781292674191e-03,7.010160968918796698e+00,7.352048985385934543e+00,7.844629877053492351e+00,8.203329500333680357e+00,8.515838765213430861e+00
6.549999999999999822e+00,4.995415967978818026e-10,1.754872030582156151e-03,1.774013614406376319e-03,6.798300312665382705e+00,7.123537659214100870e+00,7.607328254618650476e+00,7.961031724810354149e+00,8.268147163972791702e+00
6.599999999999999645e+00,4.994334732777342491e-10,1.964819082295505073e-03,1.990260654701483771e-03,6.616612830659498456e+00,6.917611327052959780e+00,7.389236241163409602e+00,7.733811015793058630e+00,8.031109535887026141e+00
6.650000000000000355e+00,4.993121845529719711e-10,2.198669033182856520e-03,2.232838104226102151e-03,6.463045869663801568e+00,6.739715316424195635e+00,7.200627990693178049e+00,7.536488092604997746e+00,7.823860425409797870e+00
6.700000000000000178e+00,4.991761314308323671e-10,2.459505388796575515e-03,2.504944348505410128e-03,6.326736718091424905e+00,6.578533126708961731e+00,7.029773953592282965e+00,7.357594602393369598e+00,7.635829300852734036e+00
6.750000000000000000e+00,4.990235214495952128e-10,2.750344767175690649e-03,2.810164310979718517e-03,6.208179580771812311e+00,6.427234450117147446e+00,6.861222362347326964e+00,7.173760457394685375e+00,7.433606897961439586e+00
6.799999999999999822e+00,4.988523457768879196e-10,3.073985389121686260e-03,3.152515656394193171e-03,6.104612261809670315e+00,6.274185302136714881e+00,6.675723352352740392e+00,6.961684796004156794e+00,7.188845303070301895e+00
6.849999999999999645e+00,4.986603534130212613e-10,3.433548861135928432e-03,3.536500384127552830e-03,6.017528339471788001e+00,6.139016471737321012e+00,6.490666621453669904e+00,6.735616240219314932e+00,6.920854489954820110e+00
6.900000000000000355e+00,4.984450224023430318e-10,3.833027273911895037e-03,3.967162405483958681e-03,5.942476650178562636e+00,6.027810657112837589e+00,6.332912604556291569e+00,6.540030481107109495e+00,6.690555652391829256e+00
6.950000000000000178e+00,4.982035277275000460e-10,4.276946200327769350e-03,4.450151755169982383e-03,5.869467930748406559e+00,5.923492609186503444e+00,6.201931079466170615e+00,6.387625095312600365e+00,6.516445317499162115e+00
7.000000000000000000e+00,4.979327055320276911e-10,4.770071863092412504e-03,4.991796146114586309e-03,5.800098460062692141e+00,5.829855212373544759e+00,6.092556974199105468e+00,6.264148975144486542e+00,6.377548169531209510e+00
7.049999999999999822e+00,4.976290132862165220e-10,5.317712185168503407e-03,5.599180637736965276e-03,5.737281668739690588e+00,5.752811028659557735e+00,6.006180983045737776e+00,6.167588250272750372e+00,6.269444189435574799e+00
7.099999999999999645e+00,4.972884854802340966e-10,5.926310565726948532e-03,6.280236249701768615e-03,5.680177081807087802e+00,5.686503525539990278e+00,5.934010846940424244e+00,6.087335682686401128e+00,6.179460937888279659e+00
7.150000000000000355e+00,4.969066843977713736e-10,6.602968162605502705e-03,7.043838414627409845e-03,5.626510293137087615e+00,5.623968274003701140e+00,5.866061629913453146e+00,6.011438581448203422e+00,6.094045568083288344e+00
7.200000000000000178e+00,4.964786454940453959e-10,7.355041609343597811e-03,7.899916222079288869e-03,5.577337345567926263e+00,5.567295198343018114e+00,5.804855243051036950e+00,5.943083479347350817e+00,6.017344021875288718e+00
7.250000000000000000e+00,4.959988168752332740e-10,8.191226491017415332e-03,8.859573459703531245e-03,5.531698953566142052e+00,5.514575718881019384e+00,5.748003101231027756e+00,5.879765394116034827e+00,5.946838462491236044e+00
7.299999999999999822e+00,4.954609923541669095e-10,9.121315441281597700e-03,9.935222501836227585e-03,5.487946412303941202e+00,5.462460434040238511e+00,5.691069787510883771e+00,5.816058790341422480e+00,5.875944593170331132e+00
7.349999999999999645e+00,4.948582375418512464e-10,1.015554520669650559e-02,1.114073212646750702e-02,5.446155558684438347e+00,5.411121938656563657e+00,5.634292501633296979e+00,5.752285850141134915e+00,5.804962338121228527e+00
7.400000000000000355e+00,4.941828084292173623e-10,1.130510958357350444e-02,1.249159035173534431e-02,5.406374226746592626e+00,5.360777853154530703e+00,5.577947956690550768e+00,5.688766074603719858e+00,5.734236102206438090e+00
7.450000000000000178e+00,4.934260619225949560e-10,1.258252336938955711e-02,1.400508336498029055e-02,5.368729247241056157e+00,5.311779884391818030e+00,5.522388035340597412e+00,5.625856632583051464e+00,5.664140790064934095e+00
7.500000000000000000e+00,4.925783578248864999e-10,1.400155615352759002e-02,1.570049156039707988e-02,5.333456021746272313e+00,5.264639825764774628e+00,5.468052967742757176e+00,5.563956238164848855e+00,5.595080600986626962e+00
7.549999999999999822e+00,4.916289518089532821e-10,1.557772237353871256e-02,1.759930359226357516e-02,5.300188722702259270e+00,5.220030542121875783e+00,5.416979833977848102e+00,5.506432362554697590e+00,5.531763841432095319e+00
7.599999999999999645e+00,4.905658790185873668e-10,1.732917101824191924e-02,1.972544917299545036e-02,5.267753586563152624e+00,5.176565558100392650e+00,5.368366964199815072e+00,5.453067040289184320e+00,5.474508547022772120e+00
7.650000000000000355e+00,4.893758280660063921e-10,1.927536439519323547e-02,2.210555107815721440e-02,5.235504100789540871e+00,5.132478651526454883e+00,5.319565283696370273e+00,5.400357706735405827e+00,5.418928967871153191e+00
7.700000000000000178e+00,4.880440053858936697e-10,2.143671570939441676e-02,2.476919643838264642e-02,5.203551413157100569e+00,5.087966016462175389e+00,5.270769943619868059e+00,5.348406639760035830e+00,5.364982327916088423e+00
7.750000000000000000e+00,4.865539901703727676e-10,2.383571427134704296e-02,2.774922686942456543e-02,5.172086699374148111e+00,5.043447584990616406e+00,5.222499815043960325e+00,5.297726232671799096e+00,5.313123053816518393e+00
7.799999999999999822e+00,4.848875804661537480e-10,2.649765486464034092e-02,3.108204627786259264e-02,5.141337465614434166e+00,4.999039722353586512e+00,5.174630824222809622e+00,5.247959029792539809e+00,5.262762084541364516e+00
7.849999999999999645e+00,4.830246314875351292e-10,2.945017715254502275e-02,3.480794423509981500e-02,5.111473713057172574e+00,4.954664617722926323e+00,5.126671405711078933e+00,5.198284962932625319e+00,5.212789739073365070e+00
7.900000000000000355e+00,4.809428878146060340e-10,3.272316029647516500e-02,3.897143158095797005e-02,5.082644355542058179e+00,4.910852493636213012e+00,5.079197313071873054e+00,5.149280713911089435e+00,5.163779522920165732e+00
7.950000000000000178e+00,4.786178119373406560e-10,3.635032301185203013e-02,4.362158333548878802e-02,5.054849361447836031e+00,4.867755507775406443e+00,5.032232920882364624e+00,5.100859461494806624e+00,5.115550314348020322e+00
8.000000000000000000e+00,4.760224126109609231e-10,4.036774182627847485e-02,4.881238198824811719e-02,5.028056945575784198e+00,4.825299246068027514e+00,4.985411041460551473e+00,5.052442352179824070e+00,5.067334140869114378e+00
8.050000000000000711e+00,4.731270777487428860e-10,4.481334229934139102e-02,5.460305171268441810e-02,5.002410039792984264e+00,4.783895086997951296e+00,4.939104316188249300e+00,5.004332137968575012e+00,5.019347356284200146e+00
8.099999999999999645e+00,4.698994181427418157e-10,4.972894246139877156e-02,6.105837092468650168e-02,4.978019658603088260e+00,4.743767138594677135e+00,4.893544140252870989e+00,4.956626142799180457e+00,4.971377047203155541e+00
8.150000000000000355e+00,4.663041302214275914e-10,5.515464346218917208e-02,6.824894676731493859e-02,4.955000346655694443e+00,4.704896477346920847e+00,4.848802632065236651e+00,4.909376424917340387e+00,4.923379627809737258e+00
8.199999999999999289e+00,4.623028883775269980e-10,6.113551216757247275e-02,7.625143045511610651e-02,4.933594116798062146e+00,4.667374778938111035e+00,4.805092680290727003e+00,4.862888267907543138e+00,4.875837796994588302e+00
8.250000000000000000e+00,4.578542801778033158e-10,6.772909784761181606e-02,8.514864685456335902e-02,4.913981159370727880e+00,4.631202496039122707e+00,4.762454468025431709e+00,4.817212024693247940e+00,4.828764525574769095e+00
8.300000000000000711e+00,4.529138010377111189e-10,7.499264645119974038e-02,9.502960513474779936e-02,4.896423182509870742e+00,4.596614750903015079e+00,4.721224746718135634e+00,4.772692418669258529e+00,4.782443501613784065e+00
8.349999999999999645e+00,4.474339287270864517e-10,8.298329524273601043e-02,1.059893497559972475e-01,4.881054994242376210e+00,4.563621971457976656e+00,4.681347422046236773e+00,4.729082246067264350e+00,4.736166367439480496e+00
8.400000000000000355e+00,4.413643023543039745e-10,9.176094741843773828e-02,1.181286025015621799e-01,4.867914410400622671e+00,4.532066312782212947e+00,4.642614032497576204e+00,4.686034085940150362e+00,4.689184171129589629e+00
8.449999999999999289e+00,4.346520351889704043e-10,1.013707717590983520e-01,1.315531368322292449e-01,4.857281659855303246e+00,4.502367881686595297e+00,4.605771793634879430e+00,4.645043029770064891e+00,4.644714523495032665e+00
8.500000000000000000e+00,4.272421956817960944e-10,1.118762838109400720e-01,1.463728158465778528e-01,4.849310350386986102e+00,4.474591058372872965e+00,4.570760698236107089e+00,4.606239417640125566e+00,4.603558236736340348e+00
8.550000000000000711e+00,4.190784960664514249e-10,1.233574253199224008e-01,1.627002150772672850e-01,4.844172178319922750e+00,4.448820578291986294e+00,4.537373296528983246e+00,4.568867593675363992e+00,4.563839029592315910e+00
8.599999999999999645e+00,4.101042325677010576e-10,1.358773393257469708e-01,1.806487420747679984e-01,4.842073055447741581e+00,4.425391230418128430e+00,4.505990553411805877e+00,4.533271975598289316e+00,4.525840412753282749e+00
8.650000000000000355e+00,4.002635248712387993e-10,1.494894071176158523e-01,2.003301574676925045e-01,4.843173726657312272e+00,4.404575060837949252e+00,4.476768720425475578e+00,4.499540004983870745e+00,4.489557806761418135e+00
8.699999999999999289e+00,3.895029042457721832e-10,1.642349700161073178e-01,2.218513987186257197e-01,4.847722484269070264e+00,4.386761204663450542e+00,4.449889143458804597e+00,4.467767203661210829e+00,4.455011779302651576e+00
8.750000000000000000e+00,3.777732983333780420e-10,1.801524261479440225e-01,2.453106105434139650e-01,4.856023356667868995e+00,4.372399323499898571e+00,4.425702545622399953e+00,4.438274325423016364e+00,4.422514710168094609e+00
8.800000000000000711e+00,3.650324545481746728e-10,1.972615263332070101e-01,2.707922981138207730e-01,4.868389994364804352e+00,4.361857870067545662e+00,4.404467978772053982e+00,4.411289978551970137e+00,4.392293418418176998e+00
8.849999999999999645e+00,3.512478312487171807e-10,2.155704848459326917e-01,2.983615447127357934e-01,4.885211410229892692e+00,4.355421990797864851e+00,4.386148761968684084e+00,4.386619921952146228e+00,4.364034350888438496e+00
8.900000000000000355e+00,3.363999639981886827e-10,2.350619782663675994e-01,3.280572792137926852e-01,4.906959219664273064e+00,4.353581609578618838e+00,4.370982279202699772e+00,4.364355657745235817e+00,4.337668291953534094e+00
8.949999999999999289e+00,3.204862806541468566e-10,2.556914303374409614e-01,3.598846459018764099e-01,4.934090698363085892e+00,4.356957073812367298e+00,4.359551013097302530e+00,4.345202914561852481e+00,4.314077659456259539e+00
9.000000000000000000e+00,3.035252910836641362e-10,2.773847013378266668e-01,3.938066250428417514e-01,4.967080893475568359e+00,4.366107834197286763e+00,4.352345214277555385e+00,4.329668882272386554e+00,4.293840081464253444e+00
9.050000000000000711e+00,2.855610127845531359e-10,3.000259536739839916e-01,4.297351816410637793e-01,5.006520200536314746e+00,4.381589702298313682e+00,4.349675709977347537e+00,4.317745174759110682e+00,4.276567086979930821e+00
9.099999999999999645e+00,2.666674116125567183e-10,3.234735300080429643e-01,4.675223839850567442e-01,5.052862080046104154e+00,4.402820876336200229e+00,4.349236062784115120e+00,4.306121991831354023e+00,4.258197391231036022e+00
9.150000000000000355e+00,2.469525384471818160e-10,3.475027340073719162e-01,5.069521303158064374e-01,5.106326007570785919e+00,4.427950566913978037e+00,4.346448210276136592e+00,4.288992520203812830e+00,4.232220291186621353e+00
9.199999999999999289e+00,2.265619329511437293e-10,3.715863670041366640e-01,5.477333413078826485e-01,5.169713140103638693e+00,4.463950554053909059e+00,4.354412822312362152e+00,4.282103504857005305e+00,4.215251959470570853e+00
9.250000000000000000e+00,2.056807549422134311e-10,3.954958554232418377e-01,5.894956973257431398e-01,5.245035555150629136e+00,4.515463871633151882e+00,4.381614222364667910e+00,4.295817549725413187e+00,4.218769046708445103e+00
9.300000000000000711e+00,1.845340097083446039e-10,4.192244586226723801e-01,6.317891877934809219e-01,5.331552775062753824e+00,4.578247116807993677e+00,4.420002796932109845e+00,4.321199827138450189e+00,4.234214895652669952e+00
9.349999999999999645e+00,1.633841814774182107e-10,4.424213246663294963e-01,6.740888442553335524e-01,5.430146827835130807e+00,4.652167793603027235e+00,4.468409008867027410e+00,4.356454247059623697e+00,4.259497380020384583e+00
9.400000000000000355e+00,1.425256128257017410e-10,4.647247412402086830e-01,7.158059815587666241e-01,5.541924239253802398e+00,4.737255839510623900e+00,4.525806641150133203e+00,4.399678139031806268e+00,4.291750625731268087e+00
9.449999999999999289e+00,1.222751059369588293e-10,4.857184119769176189e-01,7.563069953362524522e-01,5.668225421629763616e+00,4.834207848283107012e+00,4.592630066052457494e+00,4.450947200474018928e+00,4.330267955822151293e+00
9.500000000000000000e+00,1.029585117309603132e-10,5.050137918886377086e-01,7.949401837482494848e-01,5.810223434942820120e+00,4.944439014414712119e+00,4.671039312134453780e+00,4.512899523055978079e+00,4.378324789491919944e+00
9.550000000000000711e+00,8.489353926710875407e-11,5.223401806883258836e-01,8.310701286759525352e-01,5.968574932133961397e+00,5.068770439241895076e+00,4.762737673528391724e+00,4.588575596998005324e+00,4.440778762829935999e+00
9.599999999999999645e+00,6.836965498854598487e-11,5.374624822424239889e-01,8.641178972330780805e-01,6.143815037618956865e+00,5.206398027200755507e+00,4.865955252571971812e+00,4.676050245197416189e+00,4.515823778352810791e+00
9.650000000000000355e+00,5.362669460021374683e-11,5.501546518807317598e-01,8.936038180097425343e-01,6.336431726305463030e+00,5.356480804718380284e+00,4.978778900621740888e+00,4.772462411914453639e+00,4.599450141923611568e+00
9.699999999999999289e+00,4.083455953538219324e-11,5.602846738735715038e-01,9.191880881394056679e-01,6.546582295602611623e+00,5.518479240486882986e+00,5.100717856090057012e+00,4.877277889574898495e+00,4.690989102676887512e+00
9.750000000000000000e+00,3.007692638431740916e-11,5.678368061769012431e-01,9.407033544415351889e-01,6.774056887219217060e+00,5.692116505972158791e+00,5.232102690306746240e+00,4.991228974613036939e+00,4.791709646465619699e+00
9.800000000000000711e+00,2.134202675957124490e-11,5.729307054431457269e-01,9.581731536910276237e-01,7.017328324440128995e+00,5.875575549133905895e+00,5.371698303884365089e+00,5.113386892043187970e+00,4.901008811053905845e+00
9.849999999999999645e+00,1.452303510059009429e-11,5.757865744626877724e-01,9.718111370089899115e-01,7.273602603550195056e+00,6.066518317201762045e+00,5.518291052438442534e+00,5.243242425070612001e+00,5.018812481310185092e+00
9.900000000000000355e+00,9.429317935542090222e-12,5.767116441271680216e-01,9.819985713390858573e-01,7.538373861248224728e+00,6.261404384725750560e+00,5.669389865060836087e+00,5.378615406669609911e+00,5.142959095519373136e+00
9.949999999999999289e+00,5.807848821173026545e-12,5.760734626574437467e-01,9.892415095678240844e-01,7.804349992798577773e+00,6.454486709371622055e+00,5.820405819543587711e+00,5.514896437946831043e+00,5.268519311729114918e+00
1.000000000000000000e+01,3.371861407917413086e-12,5.742583644711440893e-01,9.941134843943352228e-01,8.061752583961016683e+00,6.639831367214739544e+00,5.967564363674142669e+00,5.649100559726882409e+00,5.393145754481096787e+00
1.005000000000000071e+01,1.831934783203528768e-12,5.716318360195754567e-01,9.971933376437630558e-01,8.303453884042298228e+00,6.814460636861575438e+00,6.109514201782594967e+00,5.780285300753995159e+00,5.516156919439907824e+00
1.009999999999999964e+01,9.238901307447514673e-13,5.685121835232862519e-01,9.990094269486805567e-01,8.526791271264627881e+00,6.972130311920317070e+00,6.236983688111052970e+00,5.897174907635310603e+00,5.624599283375147252e+00
1.015000000000000036e+01,4.286036050850418433e-13,5.650620657599059182e-01,1.000000000000000000e+00,8.737701922258473530e+00,7.119192646823428561e+00,6.355941293616709231e+00,6.005381791163046046e+00,5.723637368273848836e+00
