# log_age,instantaneous_sfr,integrated_stellar_mass,integrated_formed_mass,u,g,r,i,z
5.500000000000000000e+00,2.575166043268241110e-10,8.122835954423227966e-05,8.143711954090958728e-05,1.103894552736507251e+01,1.137332508610282389e+01,1.186914009101067791e+01,1.222381686213665830e+01,1.253364493475861252e+01
5.549999999999999822e+00,2.575141202291387730e-10,9.113879681762729519e-05,9.137351028221866837e-05,1.091353519248356463e+01,1.124793113856038218e+01,1.174374965930034875e+01,1.209843848399470545e+01,1.240827537724260310e+01
5.599999999999999645e+00,2.575113330542201753e-10,1.022562490043977672e-04,1.025222099564536768e-04,1.078764708175629039e+01,1.112205979624974361e+01,1.161787701405614825e+01,1.197259196469863696e+01,1.228244641404474180e+01
5.650000000000000355e+00,2.575082058284387952e-10,1.147266155652624988e-04,1.150311130821162658e-04,1.066152275856335052e+01,1.099593003491882115e+01,1.149173095817430124e+01,1.184647678212782296e+01,1.215634998839341563e+01
5.700000000000000178e+00,2.575046970686119498e-10,1.287156148854347543e-04,1.290661523895095405e-04,1.053471158801485075e+01,1.086913184079994465e+01,1.136491114229872323e+01,1.171969835470424925e+01,1.202959940406380213e+01
5.750000000000000000e+00,2.575007602322506173e-10,1.444077620886721584e-04,1.448134978347889745e-04,1.040722989950607769e+01,1.074167883928935652e+01,1.123742780827548415e+01,1.159226225057177118e+01,1.190219747199874689e+01
5.799999999999999822e+00,2.574963431008536907e-10,1.620102845152084873e-04,1.624820234226272890e-04,1.027896334055524363e+01,1.061346461864603441e+01,1.110917462934982325e+01,1.146406109181839383e+01,1.177403690859995322e+01
5.849999999999999645e+00,2.574913870881141871e-10,1.817570613971462119e-04,1.823060743805016485e-04,1.014946028977490045e+01,1.048407400268305167e+01,1.097974566611987512e+01,1.133469535342057810e+01,1.164472516762646137e+01
5.900000000000000355e+00,2.574858264639174370e-10,2.039068733772267232e-04,2.045485711676367404e-04,1.001908580225822476e+01,1.035383662013907724e+01,1.084946220685154117e+01,1.120447678073320219e+01,1.151456353170857483e+01
5.950000000000000178e+00,2.574795874839074048e-10,2.287515116648919801e-04,2.295044912074897532e-04,9.887651427231091361e+00,1.022257441877394513e+01,1.071815068139139271e+01,1.107323347342597231e+01,1.138338088166577222e+01
6.000000000000000000e+00,2.574725874131671172e-10,2.566172777225814226e-04,2.575047741687309997e-04,9.755019346339736330e+00,1.009015007850535994e+01,1.058567926131926384e+01,1.094083502339751135e+01,1.125104533332317658e+01
6.049999999999999822e+00,2.574647334311737562e-10,2.878702202649794533e-04,2.889207021422287637e-04,9.620900201466376700e+00,9.956283680262501434e+00,1.045178946989949509e+01,1.080703336740681664e+01,1.111731214591632977e+01
6.099999999999999645e+00,2.574559214036492234e-10,3.229234862460587420e-04,3.241688122404675970e-04,9.484537502366734429e+00,9.820265225448984836e+00,1.031580519818204067e+01,1.067117479788033307e+01,1.098154208666016984e+01
6.150000000000000355e+00,2.574460345051948190e-10,3.622359985953246255e-04,3.637164060579717913e-04,9.345567673972375644e+00,9.681731000900391848e+00,1.017736076290580627e+01,1.053289691293724673e+01,1.084337261781246298e+01
6.200000000000000178e+00,2.574349416746704140e-10,4.063198445404936202e-04,4.080877281556989969e-04,9.203457780219608253e+00,9.540129854946897581e+00,1.003584828125702444e+01,1.039156459489516493e+01,1.070214898163523287e+01
6.250000000000000000e+00,2.574224958831176421e-10,4.557452012575106785e-04,4.578708943665737801e-04,9.057179162224116453e+00,9.394389354270693104e+00,9.890054888120232590e+00,1.024588769787371234e+01,1.055652220271187502e+01
6.299999999999999822e+00,2.574085321916186106e-10,5.111468951467640874e-04,5.137256603627250381e-04,8.903241911037135026e+00,9.240927211284649445e+00,9.736237231104588830e+00,1.009203877671026106e+01,1.040258065194942816e+01
6.349999999999999645e+00,2.573928655737875534e-10,5.732292399548984769e-04,5.763921316870402939e-04,8.737987057689572623e+00,9.075874965924924709e+00,9.570230389978647167e+00,9.925967331283359840e+00,1.023621369990028995e+01
6.400000000000000355e+00,2.573752884745947355e-10,6.427682965439271597e-04,6.467005284583740099e-04,8.565703413753020357e+00,8.903404930841020359e+00,9.395930276081159604e+00,9.751663253026293887e+00,1.006142135589406195e+01
6.450000000000000178e+00,2.573555680738733851e-10,7.206337819014379479e-04,7.255821313438248201e-04,8.382141703792825638e+00,8.718730997664415838e+00,9.208327291117910818e+00,9.564484996830159957e+00,9.873543208978496466e+00
6.500000000000000000e+00,2.573334432191359466e-10,8.077936084369258512e-04,8.140815502934861539e-04,8.190815762325371452e+00,8.523296762789335901e+00,9.009339448884432500e+00,9.365287873584037470e+00,9.673086027436092138e+00
6.549999999999999822e+00,2.573086209881789816e-10,9.053345029157053260e-04,9.133704741214381190e-04,8.015640681303608517e+00,8.332812656534734685e+00,8.810212213574565965e+00,9.161082041486992011e+00,9.460072819575749747e+00
6.599999999999999645e+00,2.572807728373488551e-10,1.014304093759458908e-03,1.024763077441884435e-03,7.852779145269700223e+00,8.144713796977399056e+00,8.611225415295244545e+00,8.954351104951804530e+00,9.242620520382118343e+00
6.650000000000000355e+00,2.572495302862257825e-10,1.136089393432050459e-03,1.149733281934256111e-03,7.704021998440154562e+00,7.967583888654935720e+00,8.424270202048425915e+00,8.759603700859820208e+00,9.039306670419989587e+00
6.700000000000000178e+00,2.572144800838128711e-10,1.272497865541117983e-03,1.289934091585745891e-03,7.582260336961013536e+00,7.825430100087558571e+00,8.272969916955617009e+00,8.600362230094610538e+00,8.871607673920031800e+00
6.750000000000000000e+00,2.571751587950456221e-10,1.425022628416022308e-03,1.447219246654900303e-03,7.473482190743425235e+00,7.696260976872771664e+00,8.128095298392132406e+00,8.441414216889057798e+00,8.696382890681583433e+00
6.799999999999999822e+00,2.571310467395039310e-10,1.595189007208140447e-03,1.623667468821431625e-03,7.368650842725116945e+00,7.557753663397825505e+00,7.962357736807533115e+00,8.251612980978990208e+00,8.478132015320930748e+00
6.849999999999999645e+00,2.570815612065758165e-10,1.785049099656502809e-03,1.821609600533875741e-03,7.274111414481701843e+00,7.418032148903883183e+00,7.790262387236822406e+00,8.050992535696501307e+00,8.243794953798442293e+00
6.900000000000000355e+00,2.570260488629212093e-10,1.996933033918565220e-03,2.043658975152436077e-03,7.197035661811291618e+00,7.299226656864981067e+00,7.627745232991742341e+00,7.850631460445285370e+00,8.005228607843122290e+00
6.950000000000000178e+00,2.569637772588850037e-10,2.233361304920775375e-03,2.292745391297226504e-03,7.136573774334678433e+00,7.219583173082668281e+00,7.505491451783662171e+00,7.683249097150422813e+00,7.791115526021080484e+00
7.000000000000000000e+00,2.568939253304535770e-10,2.497225546038155282e-03,2.572153105022918947e-03,7.083381349766916912e+00,7.159151438938593515e+00,7.417425455504009335e+00,7.556328829278676551e+00,7.619312577726269353e+00
7.049999999999999822e+00,2.568155727824112208e-10,2.791766072949005556e-03,2.885563297192352602e-03,7.032161862656003848e+00,7.098367286357152750e+00,7.336538635543519149e+00,7.446611826661019506e+00,7.476120947811054407e+00
7.099999999999999645e+00,2.567276882265124618e-10,3.120530881483535302e-03,3.237101520787393719e-03,6.983286439645752353e+00,7.037346210786324718e+00,7.261164459333798504e+00,7.348811479020866955e+00,7.351328820328909330e+00
7.150000000000000355e+00,2.566291159357371172e-10,3.487504553748002525e-03,3.631390683888766763e-03,6.937188440729606498e+00,6.979399527208606457e+00,7.193058903891419220e+00,7.263559065795092806e+00,7.245024790586128915e+00
7.200000000000000178e+00,2.565185610620654806e-10,3.897229804224586116e-03,4.073610178575198977e-03,6.893821448676376917e+00,6.925975952657381640e+00,7.130400036490264881e+00,7.186219685048747863e+00,7.150364172921683803e+00
7.250000000000000000e+00,2.563945731507662838e-10,4.354701657353970620e-03,4.569561823771972273e-03,6.853110113714372176e+00,6.876530638225233361e+00,7.071796577085834201e+00,7.112830518118002487e+00,7.060211961261295244e+00
7.299999999999999822e+00,2.562555277690382022e-10,4.865453310179315878e-03,5.125743350684480899e-03,6.814331438566938459e+00,6.830143916687113403e+00,7.017713129119464099e+00,7.045887348176016474e+00,6.979324483386704969e+00
7.349999999999999645e+00,2.560996060511703928e-10,5.435798661961878907e-03,5.749430222155713782e-03,6.776532555414121362e+00,6.784528106024772853e+00,6.965601489910298483e+00,6.983639857194503975e+00,6.906802592260106621e+00
7.400000000000000355e+00,2.559247719464541903e-10,6.072710429279788193e-03,6.448766641020455340e-03,6.739617149988653466e+00,6.738767803771551712e+00,6.913369857065305268e+00,6.922502664191114263e+00,6.837257572874158029e+00
7.450000000000000178e+00,2.557287469402625533e-10,6.783822573676451945e-03,7.232866665787006377e-03,6.703778512407488677e+00,6.693144842213776258e+00,6.861348313234003626e+00,6.862636234921787093e+00,6.770495396030092650e+00
7.500000000000000000e+00,2.555089820035483710e-10,7.577662050956875638e-03,8.111926412643691991e-03,6.669084326585867473e+00,6.648231935448492891e+00,6.811066051106898556e+00,6.806451068262731496e+00,6.709558518768311330e+00
7.549999999999999822e+00,2.552626265122019286e-10,8.464036286977300733e-03,9.097348378029557203e-03,6.634870954499007212e+00,6.603007548693199169e+00,6.761497996360624541e+00,6.753176004593584025e+00,6.653915443710516797e+00
7.599999999999999645e+00,2.549864938662043843e-10,9.453884197582768795e-03,1.020187896201987625e-02,6.600538694082132452e+00,6.556063508006303664e+00,6.710251149509552704e+00,6.699509225767521059e+00,6.599482407999772704e+00
7.650000000000000355e+00,2.546770235305641270e-10,1.055904855132836113e-02,1.143976030458065257e-02,6.566133529321490414e+00,6.507604583529285946e+00,6.657668155048682479e+00,6.645624978115883152e+00,6.546139217936541854e+00
7.700000000000000178e+00,2.543302392172485233e-10,1.179266079532984013e-02,1.282689755784327361e-02,6.531715729937303649e+00,6.457851134189048992e+00,6.604179795480547455e+00,6.591983956449588788e+00,6.494242213546570497e+00
7.750000000000000000e+00,2.539417029318144277e-10,1.316933924268434697e-02,1.438104269957952291e-02,6.497515707542802943e+00,6.407375907308505703e+00,6.550210505278094786e+00,6.538798442349715856e+00,6.443828533673610082e+00
7.799999999999999822e+00,2.535064646228729592e-10,1.470534084469143563e-02,1.612199593534534986e-02,6.464012956519404440e+00,6.357371838964880340e+00,6.496263055409656317e+00,6.485784440652736293e+00,6.394040912676793198e+00
7.849999999999999645e+00,2.530190072002647926e-10,1.641863925587031675e-02,1.807182562577826571e-02,6.431502784680240836e+00,6.308453390567393626e+00,6.442699520075741759e+00,6.432806717493832593e+00,6.344246034793684430e+00
7.900000000000000355e+00,2.524731867331462284e-10,1.832912300713283871e-02,2.025510749425234180e-02,6.400119999312799735e+00,6.260825800212295178e+00,6.390265449656375552e+00,6.380782778606601369e+00,6.295306428557204015e+00
7.950000000000000178e+00,2.518621677073834699e-10,2.045904620148309913e-02,2.269918359730337468e-02,6.369762583699888125e+00,6.214130981053131109e+00,6.338764178864870757e+00,6.329627126911333335e+00,6.247186032541534928e+00
8.000000000000000000e+00,2.511783533193035341e-10,2.283310601939640347e-02,2.543444114962301744e-02,6.340295245801527813e+00,6.167736486820345476e+00,6.287428262162897852e+00,6.278589822504507367e+00,6.199137179345505899e+00
8.050000000000000711e+00,2.504133109180377455e-10,2.547832088164670925e-02,2.849461075468617474e-02,6.311876735281380491e+00,6.121767497097039268e+00,6.236497477983981241e+00,6.227941996718399764e+00,6.151362384077430079e+00
8.099999999999999645e+00,2.495576928912400134e-10,2.842444939624278258e-02,3.191708286187729809e-02,6.284647827228482697e+00,6.076447510918683292e+00,6.186426818611380440e+00,6.178164101064474778e+00,6.104082049849850478e+00
8.150000000000000355e+00,2.486011535307420737e-10,3.170290851166430307e-02,3.574324030386896028e-02,6.258672413697112802e+00,6.031838771003734223e+00,6.137305694847313475e+00,6.129356585431352755e+00,6.057344903777376999e+00
8.199999999999999289e+00,2.475322627298690149e-10,3.534782144021982042e-02,4.001880350736129049e-02,6.234001090058683303e+00,5.988001862914373419e+00,6.089167896587625251e+00,6.081602122272585120e+00,6.011464367705947609e+00
8.250000000000000000e+00,2.463384177693394491e-10,3.939829300260493800e-02,4.479418334947946750e-02,6.210744228022697655e+00,5.945009684340845979e+00,6.042012896833050206e+00,6.034868485769870006e+00,5.966444966530637828e+00
8.300000000000000711e+00,2.450057549632487542e-10,4.390023964300780041e-02,5.012483457384210583e-02,6.188958294775467550e+00,5.902787594608028598e+00,5.995607820870937132e+00,5.988850367581221690e+00,5.921979124590194488e+00
8.349999999999999645e+00,2.435190635825228549e-10,4.890391991198436011e-02,5.607160009674573564e-02,6.168749471512803950e+00,5.861418386413745907e+00,5.949979904453542190e+00,5.943523525772192784e+00,5.878006045308367788e+00
8.400000000000000355e+00,2.418617052747975430e-10,5.446111782333816487e-02,6.270103332764712101e-02,6.150246631335555492e+00,5.821021164495931544e+00,5.904989342665274421e+00,5.898515469838649494e+00,5.833981725537853436e+00
8.449999999999999289e+00,2.400155431829837069e-10,6.062737262829779455e-02,7.008568169490254907e-02,6.133467052779920436e+00,5.781699713433084753e+00,5.860509030631241956e+00,5.853502582161731027e+00,5.789634708126456530e+00
8.500000000000000000e+00,2.379608861563782161e-10,6.745843960395310479e-02,7.830430980132437047e-02,6.118430455474253904e+00,5.743645643406914303e+00,5.816742737048222978e+00,5.808739232767472060e+00,5.745226961542812205e+00
8.550000000000000711e+00,2.356764548730180917e-10,7.502142643346704221e-02,8.744203493476489231e-02,6.105183760290707085e+00,5.707147768899481832e+00,5.773943618982798398e+00,5.764529075133431490e+00,5.701003166304246861e+00
8.599999999999999645e+00,2.331393783700703941e-10,8.338962086733693602e-02,9.759034094655562319e-02,6.093755036322853869e+00,5.672481425168044211e+00,5.732265507949399819e+00,5.720998751866424925e+00,5.657230346129949794e+00
8.650000000000000355e+00,2.303252314205991766e-10,9.263251826500694397e-02,1.088469287444405048e-01,6.084255695591430424e+00,5.639887933636813955e+00,5.691938233909255018e+00,5.678370255198387895e+00,5.614026179184868681e+00
8.699999999999999289e+00,2.272081253932823048e-10,1.028261188439047180e-01,1.213153528537080361e-01,6.076891292530667954e+00,5.609566044346578906e+00,5.653026160459795335e+00,5.636607195150290295e+00,5.571227282645573098e+00
8.750000000000000000e+00,2.237608676529421003e-10,1.140469244790100062e-01,1.351043838150688681e-01,6.071916996714364245e+00,5.581843898009424265e+00,5.615733834559094362e+00,5.595881117374901237e+00,5.529131200456077977e+00
8.800000000000000711e+00,2.199552071302682169e-10,1.263752666053062912e-01,1.503270259057643832e-01,6.069491282547105016e+00,5.557097553260348377e+00,5.580470388038634155e+00,5.556694640714582079e+00,5.488393660552048914e+00
8.849999999999999645e+00,2.157621862772687393e-10,1.398946694405437119e-01,1.670991093177623954e-01,6.069678946512972573e+00,5.535596366847975958e+00,5.547439932540839891e+00,5.519261709424434059e+00,5.449239919392191212e+00
8.900000000000000355e+00,2.111526220195388758e-10,1.546850159649000578e-01,1.855373663486817037e-01,6.072605084696391486e+00,5.517540788244211569e+00,5.516571719055697542e+00,5.483456994603159274e+00,5.411656220623093816e+00
8.949999999999999289e+00,2.060977401999068375e-10,1.708160499035345503e-01,2.057568936272099192e-01,6.078488966840041030e+00,5.503117225862538930e+00,5.488025702901708769e+00,5.449338590189157117e+00,5.375262136941763913e+00
9.000000000000000000e+00,2.005699889267371030e-10,1.883568223348669746e-01,2.278678987198888006e-01,6.087602173071068989e+00,5.492556745224291603e+00,5.462135287772021286e+00,5.417212127595078641e+00,5.340048692034116584e+00
9.050000000000000711e+00,1.945440555733363334e-10,2.073773757064515944e-01,2.519716321334918852e-01,6.100261021083625224e+00,5.486067123461957351e+00,5.439016265915675774e+00,5.387204821555258150e+00,5.306398065169460665e+00
9.099999999999999645e+00,1.879981091074822308e-10,2.279196840419125403e-01,2.781554179969083496e-01,6.116802950169009989e+00,5.483220689066975240e+00,5.417189022847736624e+00,5.357015779132204614e+00,5.271248771412317069e+00
9.150000000000000355e+00,1.809152829386136390e-10,2.500057920048548432e-01,3.064867226723827498e-01,6.137584396865605640e+00,5.483327216783656866e+00,5.394884746881260185e+00,5.324013422251368866e+00,5.231087362248530326e+00
9.199999999999999289e+00,1.732854023344478094e-10,2.735548128479878827e-01,3.370062450890459749e-01,6.163914314988197418e+00,5.489522335109647599e+00,5.378520701620210787e+00,5.296052352341931169e+00,5.194054488671376646e+00
9.250000000000000000e+00,1.651069433197060679e-10,2.985330727703182641e-01,3.697200811480129135e-01,6.196757969411322620e+00,5.503887962464439454e+00,5.372087647123549914e+00,5.278336699733259252e+00,5.166540080412922009e+00
9.300000000000000711e+00,1.563891854602325689e-10,3.249701087917104547e-01,4.045911125859070201e-01,6.236117396099515986e+00,5.525006467363013485e+00,5.372579372942801967e+00,5.267694517032175838e+00,5.146335325942793304e+00
9.349999999999999645e+00,1.471544879179176624e-10,3.527707910310124984e-01,4.415299027551666811e-01,6.282558967970217623e+00,5.552987799150855608e+00,5.379648463269965930e+00,5.263609083764627883e+00,5.132648145618368574e+00
9.400000000000000355e+00,1.374405761051079685e-10,3.817995786882810161e-01,4.803855500064053707e-01,6.336750507205415772e+00,5.588047101611174128e+00,5.393092917974108502e+00,5.265726421265291890e+00,5.125008319387127642e+00
9.449999999999999289e+00,1.273026757989526239e-10,4.118642952093051202e-01,5.209371512310267960e-01,6.399601616396594750e+00,5.630921651087170687e+00,5.413548030405173961e+00,5.274528311971948824e+00,5.123677203176882244e+00
9.500000000000000000e+00,1.168152752095685441e-10,4.427062576211014400e-01,5.628867535885631046e-01,6.472083826982476751e+00,5.682297460683187751e+00,5.441486634106254883e+00,5.290267951873765639e+00,5.128518216564636134e+00
9.550000000000000711e+00,1.060732384925130013e-10,4.740150416084585872e-01,6.058549004567852503e-01,6.555014074320951067e+00,5.742631715242787038e+00,5.477217361091348380e+00,5.313369330588841422e+00,5.140200582092383286e+00
9.599999999999999645e+00,9.519194543142918124e-11,5.054293779105631934e-01,6.493800727011205254e-01,6.649315286947370396e+00,5.812692275158234168e+00,5.521606196249756238e+00,5.344968256488613179e+00,5.160357539003193494e+00
9.650000000000000355e+00,8.430610458665875068e-11,5.365242729356307638e-01,6.929234360802022374e-01,6.755551260192476093e+00,5.892717278888461863e+00,5.574894684241492371e+00,5.385388048300249864e+00,5.189489806769429947e+00
9.699999999999999289e+00,7.356689833775075945e-11,5.668417383248963715e-01,7.358802610758342633e-01,6.874734336345383667e+00,5.983113213505653505e+00,5.637022539549768396e+00,5.434265248493929334e+00,5.226805166051519791e+00
9.750000000000000000e+00,6.313718791330471860e-11,5.959007616757863168e-01,7.775991027736184336e-01,7.008745760193782814e+00,6.085217188700411839e+00,5.708912304142280902e+00,5.492364456543427309e+00,5.272806140797484886e+00
9.800000000000000711e+00,5.318465402657716673e-11,6.232122832115342126e-01,8.174092383205285861e-01,7.159180525495301595e+00,6.201176184324623364e+00,5.793836076174656569e+00,5.563808106644508200e+00,5.332581132823968062e+00
9.849999999999999645e+00,4.387298684368174552e-11,6.483325395751546871e-01,8.546559070521102530e-01,7.327229590959404959e+00,6.331573065443969028e+00,5.892183363779345484e+00,5.648946884016702086e+00,5.406583434790128706e+00
9.900000000000000355e+00,3.535156528442600004e-11,6.708683280122261783e-01,8.887415932891332693e-01,7.513822800207279329e+00,6.475261727036155435e+00,6.001257122116548715e+00,5.744195360324660271e+00,5.490347263752298090e+00
9.949999999999999289e+00,2.774445255983759687e-11,6.904924761678086220e-01,9.191700441874868233e-01,7.720140052372556738e+00,6.632047944809450257e+00,6.120386817660261158e+00,5.848743824236962041e+00,5.582858811764893403e+00
1.000000000000000000e+01,2.113992130325980954e-11,7.069905041260864387e-01,9.455881692137979577e-01,7.946923469333263768e+00,6.801117100749515032e+00,6.248453042525852652e+00,5.961450372483426463e+00,5.682874204687159647e+00
1.005000000000000071e+01,1.558201122099811278e-11,7.202840327409638643e-01,9.678198095428447445e-01,8.194234406654665293e+00,6.981056868561303475e+00,6.384210884604698322e+00,6.081234456072486694e+00,5.789389128749213853e+00
1.009999999999999964e+01,1.106569440365651271e-11,7.304438942066108220e-01,9.858850768122112695e-01,8.461342314234244100e+00,7.169585490137180273e+00,6.525667897995916178e+00,6.206162431701855553e+00,5.900397137179211882e+00
1.015000000000000036e+01,7.536963606709309492e-12,7.376850084495978344e-01,1.000000000000000000e+00,8.745999555681557069e+00,7.363072030800765333e+00,6.669740984732094091e+00,6.333350213372625603e+00,6.013185372873898871e+00
