# log_age,instantaneous_sfr,integrated_stellar_mass,integrated_formed_mass,g,r
5.500000000000000000e+00,1.647515972210659420e-10,5.196665006976695450e-05,5.210020635179414458e-05,1.185828248789691486e+01,1.235409749280476888e+01
5.549999999999999822e+00,1.647506890745610814e-10,5.830707130985563321e-05,5.845723188579991537e-05,1.173288630312256942e+01,1.222870482380064061e+01
5.599999999999999645e+00,1.647496701233828061e-10,6.541973826377928407e-05,6.558989013372863296e-05,1.160701245871710796e+01,1.210282967649904151e+01
5.650000000000000355e+00,1.647485268488590925e-10,7.339800524836392231e-05,7.359281179960753996e-05,1.148087989392894315e+01,1.197668081751596247e+01
5.700000000000000178e+00,1.647472440831900827e-10,8.234790966839249527e-05,8.257217148289732129e-05,1.135407856850780206e+01,1.184985787081712516e+01
5.750000000000000000e+00,1.647458048083271317e-10,9.238751910020237947e-05,9.264709552351583729e-05,1.122662206718236177e+01,1.172237103771179534e+01
5.799999999999999822e+00,1.647441899303389264e-10,1.036494374922902349e-04,1.039512414408954558e-04,1.109840393786333834e+01,1.159411395110547716e+01
5.849999999999999645e+00,1.647423780262792250e-10,1.162833271982883723e-04,1.166345698589073173e-04,1.096900896861988173e+01,1.146468063559734674e+01
5.900000000000000355e+00,1.647403450602103250e-10,1.304547911378323101e-04,1.308653323411854163e-04,1.083876672208591430e+01,1.133439231367893996e+01
5.950000000000000178e+00,1.647380640646298298e-10,1.463505631712937042e-04,1.468323014045896881e-04,1.070749909385497034e+01,1.120307536286222216e+01
6.000000000000000000e+00,1.647355047830925908e-10,1.641794707582899630e-04,1.647472721651657571e-04,1.057506870175488700e+01,1.107059789243717773e+01
6.049999999999999822e+00,1.647326332693107472e-10,1.841757893518370314e-04,1.848478686381222608e-04,1.044119556899191537e+01,1.093670136676143301e+01
6.099999999999999645e+00,1.647294114374430015e-10,2.066039503165770046e-04,2.074006917124019832e-04,1.030516965653804107e+01,1.080070963436907050e+01
6.150000000000000355e+00,1.647257965576451663e-10,2.317577014115019293e-04,2.327048502972068039e-04,1.016662718957343259e+01,1.066225695014663444e+01
6.200000000000000178e+00,1.647217406902374214e-10,2.599648414966222818e-04,2.610959221513806257e-04,1.002501696412728194e+01,1.052073538280336606e+01
6.250000000000000000e+00,1.647171900510421047e-10,2.915903818044544718e-04,2.929503965186994858e-04,9.879266536080443473e+00,1.037493206789853417e+01
6.299999999999999822e+00,1.647120842995483953e-10,3.270407548792320530e-04,3.286906569747019341e-04,9.725793843960730101e+00,1.022110389439544775e+01
6.349999999999999645e+00,1.647063557405572653e-10,3.667669256237104697e-04,3.687905699127244597e-04,9.560730712590924441e+00,1.005508625797665445e+01
6.400000000000000355e+00,1.646999284288358082e-10,4.112658567734927694e-04,4.137817519629037838e-04,9.388248896016307299e+00,9.880774542804530824e+00
6.450000000000000178e+00,1.646927171650569508e-10,4.610945499610361845e-04,4.642605984146496779e-04,9.203562803024695427e+00,9.693159694852226949e+00
6.500000000000000000e+00,1.646846263698970383e-10,5.168729810614640895e-04,5.208961645342824335e-04,9.008115627585290497e+00,9.494159262065210214e+00
6.549999999999999822e+00,1.646755488215975141e-10,5.792973301059427911e-04,5.844390026308225001e-04,8.817615513887261613e+00,9.295017090261382009e+00
6.599999999999999645e+00,1.646653642405508924e-10,6.490390046002702694e-04,6.557310699572191631e-04,8.629497878517980780e+00,9.096012833371659667e+00
6.650000000000000355e+00,1.646539377025187680e-10,7.269868302614385883e-04,7.357168361819484180e-04,8.452344524779668689e+00,8.909035347047385756e+00
6.700000000000000178e+00,1.646411178599193402e-10,8.142990040902174133e-04,8.254557343781189754e-04,8.310157463294622460e+00,8.757703011267970794e+00
6.750000000000000000e+00,1.646267349482003087e-10,9.119331017972901864e-04,9.261361164111038850e-04,8.180949178062157046e+00,8.612792223706790651e+00
6.799999999999999822e+00,1.646105985516230048e-10,1.020867886750985096e-03,1.039090892452440833e-03,8.042401336918516108e+00,8.447020105981025040e+00
6.849999999999999645e+00,1.645924950997899540e-10,1.142419860862793363e-03,1.165815055283618996e-03,7.902635360681827592e+00,8.274887820005986327e+00
6.900000000000000355e+00,1.645721850629315339e-10,1.278084328255077277e-03,1.307985313292630344e-03,7.783772975161554086e+00,8.112325825914766142e+00
6.950000000000000178e+00,1.645493998102848397e-10,1.429479543354852857e-03,1.467482081819417332e-03,7.704050865082791688e+00,7.990006987886118850e+00
7.000000000000000000e+00,1.645238380918311584e-10,1.598462654242156474e-03,1.646414110995264969e-03,7.643523657386978698e+00,7.901855270310157664e+00
7.049999999999999822e+00,1.644951620991614420e-10,1.787115709116626240e-03,1.847146059683388037e-03,7.582634448008370498e+00,7.820870885690311525e+00
7.099999999999999645e+00,1.644629930562892876e-10,1.997719884983095284e-03,2.072329359788443754e-03,7.521497378709291581e+00,7.745386042317250030e+00
7.150000000000000355e+00,1.644269062857885803e-10,2.232838529602822544e-03,2.324936753293336232e-03,7.463419695197984538e+00,7.677153217858695200e+00
7.200000000000000178e+00,1.643864256896713078e-10,2.495395652099639990e-03,2.608300926114253890e-03,7.409846620484323410e+00,7.614349177888925624e+00
7.250000000000000000e+00,1.643410175779118646e-10,2.788609135955995213e-03,2.926157708430315255e-03,7.360230952125419890e+00,7.555580960517531253e+00
7.299999999999999822e+00,1.642900837704476143e-10,3.116046793873302086e-03,3.282694360679992446e-03,7.313651036586591658e+00,7.501309623526751125e+00
7.349999999999999645e+00,1.642329538908275625e-10,3.481782958516101232e-03,3.682603518020497596e-03,7.267819092681683912e+00,7.448986812238388211e+00
7.400000000000000355e+00,1.641688767614460274e-10,3.890322302329759629e-03,4.131143423691226516e-03,7.221818177760468416e+00,7.396520565543617920e+00
7.450000000000000178e+00,1.640970108015034789e-10,4.346603595167601933e-03,4.634205143289009746e-03,7.175926605905559086e+00,7.344237479835626914e+00
7.500000000000000000e+00,1.640164133195260767e-10,4.856150738214600610e-03,5.198387517130906299e-03,7.130712401759367935e+00,7.293660228423519243e+00
7.549999999999999822e+00,1.639260285825288965e-10,5.425324153213926387e-03,5.831080676111197181e-03,7.085152442934912642e+00,7.243761824033185803e+00
7.599999999999999645e+00,1.638246745338442271e-10,6.061229920448996979e-03,6.540559016903911907e-03,7.037838168238124581e+00,7.192150795355686910e+00
7.650000000000000355e+00,1.637110280214366908e-10,6.771579541724214758e-03,7.336084603756569573e-03,6.988969948524875520e+00,7.139165051499688275e+00
7.700000000000000178e+00,1.635836083884454963e-10,7.564942894808687930e-03,8.228022034694941131e-03,6.938763072783885377e+00,7.085229612980732838e+00
7.750000000000000000e+00,1.634407592680808728e-10,8.450883482803929828e-03,9.227965877247303744e-03,6.887783085870452737e+00,7.030762209306232080e+00
7.799999999999999822e+00,1.632806284163329573e-10,9.440066111846766653e-03,1.034888183948270805e-02,6.837211776146844500e+00,6.976257492682066186e+00
7.849999999999999645e+00,1.631011454088547937e-10,1.054431997731136196e-02,1.160526289182987024e-02,6.787653074121180907e+00,6.922068739482362787e+00
7.900000000000000355e+00,1.628999970236883259e-10,1.177678179742226196e-02,1.301330158799524073e-02,6.739301895088324557e+00,6.868929181314264554e+00
7.950000000000000178e+00,1.626746001302866963e-10,1.315220454180053393e-02,1.459107984180657049e-02,6.691792042941322904e+00,6.816633541181282396e+00
8.000000000000000000e+00,1.624220719089336963e-10,1.468703253995521166e-02,1.635877739127753958e-02,6.644484036218329948e+00,6.764408392253834279e+00
8.050000000000000711e+00,1.621391972349362159e-10,1.639935493463359414e-02,1.833890010925982167e-02,6.597490306083756195e+00,6.712480404952110291e+00
8.099999999999999645e+00,1.618223930811051318e-10,1.830921261041100132e-02,2.055652918607757743e-02,6.551019050854087311e+00,6.661287719873470792e+00
8.150000000000000355e+00,1.614676698228501453e-10,2.043795387659445156e-02,2.303959199386238291e-02,6.505116756119640797e+00,6.610903878022760694e+00
8.199999999999999289e+00,1.610705893761963304e-10,2.280896243376415167e-02,2.581915512043900240e-02,6.459826194217669126e+00,6.561345088080742016e+00
8.250000000000000000e+00,1.606262201645121433e-10,2.544918672975620202e-02,2.892973960222834651e-02,6.415200327834156724e+00,6.512591918546966951e+00
8.300000000000000711e+00,1.601290890000383650e-10,2.839040318455378006e-02,3.240965775354492928e-02,6.371144101719188768e+00,6.464393310980639740e+00
8.349999999999999645e+00,1.595731300878812534e-10,3.166775273390043388e-02,3.630137013864456752e-02,6.327715457087343509e+00,6.416753179443844601e+00
8.400000000000000355e+00,1.589516315207713511e-10,3.531807346609824177e-02,4.065186010841396330e-02,6.285005064836795441e+00,6.369508678196432072e+00
8.449999999999999289e+00,1.582571798418554281e-10,3.938149283179773197e-02,4.551302186082554352e-02,6.243085188711603450e+00,6.322507498441652274e+00
8.500000000000000000e+00,1.574816035209814429e-10,4.389936239301757415e-02,5.094205610694332170e-02,6.202110174343971494e+00,6.275918923109074399e+00
8.550000000000000711e+00,1.566159165299505453e-10,4.892162276446534314e-02,5.700186504415964694e-02,6.162324567602496472e+00,6.229956471971348719e+00
8.599999999999999645e+00,1.556502636283210717e-10,5.450381850005281414e-02,6.376143535556588748e-02,6.123953801452955759e+00,6.184731750009838436e+00
8.650000000000000355e+00,1.545738694993241580e-10,6.070105497673183859e-02,7.129619425854423487e-02,6.087183888681202859e+00,6.140425432536758876e+00
8.699999999999999289e+00,1.533749945220606294e-10,6.757501059431261781e-02,7.968831909938894897e-02,6.052152760968297684e+00,6.097052558691508750e+00
8.750000000000000000e+00,1.520409007483401173e-10,7.519059802258511171e-02,8.902697551543262144e-02,6.019115367087941593e+00,6.054758050504439382e+00
8.800000000000000711e+00,1.505578325859577213e-10,8.361867266456747549e-02,9.940845265210931925e-02,5.988363163461819738e+00,6.013876489386099422e+00
8.849999999999999645e+00,1.489110177870323595e-10,9.293632682005970036e-02,1.109361562445868726e-01,5.960075198755035331e+00,5.974537925822467344e+00
8.900000000000000355e+00,1.470846956055734725e-10,1.032232949038879438e-01,1.237204115147990668e-01,5.934355093505537582e+00,5.936604923660546262e+00
8.949999999999999289e+00,1.450621804164026745e-10,1.145586568436414571e-01,1.378780178389946709e-01,5.911283570946835653e+00,5.900153231861210656e+00
9.000000000000000000e+00,1.428259706534081892e-10,1.270278079230846568e-01,1.535314861799561004e-01,5.890973212091665800e+00,5.865414912746743425e+00
9.050000000000000711e+00,1.403579145772074505e-10,1.407246672696870482e-01,1.708078787133613385e-01,5.873504987712273362e+00,5.832411139029282765e+00
9.099999999999999645e+00,1.376394460302731101e-10,1.557341526565652889e-01,1.898371585419016405e-01,5.858373178017593830e+00,5.799699836382210094e+00
9.150000000000000355e+00,1.346519048379071374e-10,1.721383181109308880e-01,2.107499468884632965e-01,5.844844166893516046e+00,5.765605178546323373e+00
9.199999999999999289e+00,1.313769576520778610e-10,1.899639182846125374e-01,2.336745771892683454e-01,5.835597537384799693e+00,5.735830999535821206e+00
9.250000000000000000e+00,1.277971355081130568e-10,2.092782024669301300e-01,2.587333321970219924e-01,5.832310352424130429e+00,5.713804098701814382e+00
9.300000000000000711e+00,1.238965037580343467e-10,2.302015054594459265e-01,2.860377544475729561e-01,5.833551845794971769e+00,5.696678599817680322e+00
9.349999999999999645e+00,1.196614778192087077e-10,2.527863296750082478e-01,3.156829360193523781e-01,5.839251581090337595e+00,5.684007116229459200e+00
9.400000000000000355e+00,1.150817936597336522e-10,2.770699275331541256e-01,3.477407251356777751e-01,5.849436352710341680e+00,5.675487462072240419e+00
9.449999999999999289e+00,1.101516343364705407e-10,3.030616686240827917e-01,3.822518403985196156e-01,5.864570615082911331e+00,5.671540802787397695e+00
9.500000000000000000e+00,1.048709023314343782e-10,3.307328089894666645e-01,4.192169644337727097e-01,5.885078630726113147e+00,5.672463013386732200e+00
9.550000000000000711e+00,9.924661103228348434e-11,3.600200812141964857e-01,4.585870035278291068e-01,5.911219282154078769e+00,5.678438183985178966e+00
9.599999999999999645e+00,9.329434678206308962e-11,3.908186970433609186e-01,5.002528532793717453e-01,5.943518852341043157e+00,5.690116357269339176e+00
9.650000000000000355e+00,8.703972522223917768e-11,4.229636130143490935e-01,5.440352041981391107e-01,5.982167019974298228e+00,5.707715920023552769e+00
9.699999999999999289e+00,8.051973271038166053e-11,4.562363559621277487e-01,5.896751517811417154e-01,6.027548542889988425e+00,5.731301957937191105e+00
9.750000000000000000e+00,7.378380722790952948e-11,4.903570304209048381e-01,6.368266301584466493e-01,6.080769769358184362e+00,5.761733666651167596e+00
9.800000000000000711e+00,6.689447706043365461e-11,5.249776991609387267e-01,6.850519413307779582e-01,6.143492542453820704e+00,5.801492726399786193e+00
9.849999999999999645e+00,5.992734567090718811e-11,5.597012391150867350e-01,7.338218610574631651e-01,6.216492476121722177e+00,5.851224459528182820e+00
9.900000000000000355e+00,5.297019635784614832e-11,5.940723773193569146e-01,7.825219062488903976e-01,6.299691428857272513e+00,5.909753825181198295e+00
9.949999999999999289e+00,4.612100184065209625e-11,6.275783381095098035e-01,8.304662678692488198e-01,6.393850546710417859e+00,5.977457507416573890e+00
1.000000000000000000e+01,3.948467472495945393e-11,6.596780579421595014e-01,8.769205576790973788e-01,6.499644549183500430e+00,6.054632680289969926e+00
1.005000000000000071e+01,3.316849691702878772e-11,6.898277027819029739e-01,9.211338023346118398e-01,6.617722731686740190e+00,6.141695899009917525e+00
1.009999999999999964e+01,2.727632662925943735e-11,7.175131314133738059e-01,9.623789943489974297e-01,6.748549984472013819e+00,6.238765345840981524e+00
1.015000000000000036e+01,2.190189725054477097e-11,7.422842562188546323e-01,1.000000000000000000e+00,6.892143984436970072e+00,6.345425243671904525e+00
