# log_age,instantaneous_sfr,integrated_stellar_mass,integrated_formed_mass,u,g,r,i,z
5.500000000000000000e+00,9.996845555433802483e-10,3.153674966667945967e-04,3.161780032180248803e-04,9.566172406666268557e+00,9.900551965404019938e+00,1.039636697031187396e+01,1.075104374143786146e+01,1.106087181405980857e+01
5.549999999999999822e+00,9.996459828359651938e-10,3.538394532106884315e-04,3.547507106329904174e-04,9.440777729626532278e+00,9.775173677723479670e+00,1.027099219889686310e+01,1.062568102507711387e+01,1.093551791941239770e+01
5.599999999999999645e+00,9.996027053182175144e-10,3.969956703441667616e-04,3.980282283807901143e-04,9.314907130676047586e+00,9.649319849125028270e+00,1.014513706710275187e+01,1.049985202256112871e+01,1.080970647521554895e+01
5.650000000000000355e+00,9.995541493751204747e-10,4.454020185500862333e-04,4.465841714777974347e-04,9.188802431772003843e+00,9.523209710795256910e+00,1.001901063172989836e+01,1.037375646459494050e+01,1.068362967661270346e+01
5.700000000000000178e+00,9.994996715187609801e-10,4.997011563233818296e-04,5.010620278372611772e-04,9.062013176801499981e+00,9.396433434292838172e+00,9.892212730117783792e+00,1.024699995743075220e+01,1.055690101661984670e+01
5.750000000000000000e+00,9.994385498932694719e-10,5.606085175720056362e-04,5.621836533287537891e-04,8.934555980291634114e+00,9.269004929575302754e+00,9.764753887758075734e+00,1.011958835214988994e+01,1.042952358871394836e+01
5.799999999999999822e+00,9.993699747511547333e-10,6.289274609345526157e-04,6.307587954436856721e-04,8.806316769467514405e+00,9.140818067241831102e+00,9.636528060176623001e+00,9.991414553253150643e+00,1.030139039207135454e+01
5.849999999999999645e+00,9.992930377775783486e-10,7.055644981922629382e-04,7.076957690198914337e-04,8.676844164191159336e+00,9.011457921242673308e+00,9.507129559894728743e+00,9.862079289258780079e+00,1.017210913576528242e+01
5.900000000000000355e+00,9.992067201245861953e-10,7.915224111361978017e-04,7.940134220121220681e-04,8.546503689788124802e+00,8.881254582818272070e+00,9.376880135366128854e+00,9.731894763580825725e+00,1.004198155814700755e+01
5.950000000000000178e+00,9.991098790011344936e-10,8.879316307755566852e-04,8.908545454639114035e-04,8.415107255535900777e+00,8.750030364695213336e+00,9.245606582583164368e+00,9.600689442881844116e+00,9.910836907652964101e+00
6.000000000000000000e+00,9.990012326467933570e-10,9.960559232945833969e-04,9.995008998049254023e-04,8.282517476708349591e+00,8.617648381218273812e+00,9.113177508952887251e+00,9.468333355421918895e+00,9.778543736018072252e+00
6.049999999999999822e+00,9.988793434970540268e-10,1.117312554159630373e-03,1.121390049544182012e-03,8.148445392519910513e+00,8.483829117074456860e+00,8.979334849784997630e+00,9.334578854482536769e+00,9.644857720744269614e+00
6.099999999999999645e+00,9.987425993260618420e-10,1.253300614031224898e-03,1.258134220536421535e-03,8.012134774510016655e+00,8.347862856157632905e+00,8.843402793211367907e+00,9.198772539356120603e+00,9.509139942034884996e+00
6.150000000000000355e+00,9.985891921281378878e-10,1.405795613227571851e-03,1.411541418460576401e-03,7.873222474248990466e+00,8.209386316455344001e+00,8.705016088500222793e+00,9.060552443913628906e+00,9.371028298793191880e+00
6.200000000000000178e+00,9.984170944724315837e-10,1.576777829706946504e-03,1.583639074166699225e-03,7.731175925697556295e+00,8.067848711755914337e+00,8.563567191522686528e+00,8.919283777018513604e+00,9.229868350608427363e+00
6.250000000000000000e+00,9.982240330352789300e-10,1.768451007593542642e-03,1.776700511319470252e-03,7.584966565749290623e+00,7.922177683436316897e+00,8.417843231510296675e+00,8.773676343502202712e+00,9.084311038941478955e+00
6.299999999999999822e+00,9.980074589821031849e-10,1.983267290909731997e-03,1.993274564495138308e-03,7.431102961213170488e+00,7.768789359779617598e+00,8.264099165253988133e+00,8.619900951350629725e+00,8.930442931785620431e+00
6.349999999999999645e+00,9.977645148348441135e-10,2.223945338235394295e-03,2.236218711754197567e-03,7.265924300645359324e+00,7.603813285116054033e+00,8.098167859698499171e+00,8.453904964548492273e+00,8.764151217939783578e+00
6.400000000000000355e+00,9.974919974217070360e-10,2.493478260105829597e-03,2.508736124891342185e-03,7.093723392798324312e+00,7.431425682235200725e+00,7.923948916336122750e+00,8.279682029913203678e+00,8.589439666358117620e+00
6.450000000000000178e+00,9.971863164634286773e-10,2.795217641956529615e-03,2.814417083169758454e-03,6.910247808814588666e+00,7.246836819845384525e+00,7.736428924228185622e+00,8.092587104621010496e+00,8.401644350489021917e+00
6.500000000000000000e+00,9.968434483041171065e-10,3.132889845744589192e-03,3.157285242481259156e-03,6.719016089156284011e+00,7.051493111436371919e+00,7.537529158520797523e+00,7.893477756169758663e+00,8.201273979460694363e+00
6.549999999999999822e+00,9.964588842450843531e-10,3.510674426319329751e-03,3.541849301513895574e-03,6.543967827833704121e+00,6.861120991581763917e+00,7.338506412161848402e+00,7.689371338955140800e+00,7.988351825561622377e+00
6.599999999999999645e+00,9.960275728870314125e-10,3.932588947957412102e-03,3.973160659566913992e-03,6.381262644340175427e+00,6.673153482911523326e+00,7.139641744714403160e+00,7.482755254483770102e+00,7.771005270476415205e+00
6.650000000000000355e+00,9.955438558297291205e-10,4.403956208131120514e-03,4.456877716869147091e-03,6.232698799991219119e+00,6.496187598521935058e+00,6.952842350687042483e+00,7.288156444542366330e+00,7.567833298208029191e+00
6.700000000000000178e+00,9.950013960194121002e-10,4.931715200450864818e-03,4.999337527186125882e-03,6.111190395812748477e+00,6.354266617502936754e+00,6.801766319087306556e+00,7.129131112140086657e+00,7.400342990908285401e+00
6.750000000000000000e+00,9.943930979731662434e-10,5.521564041550681805e-03,5.607635573431988228e-03,6.002711500920270282e+00,6.225371490016428311e+00,6.657144740559495233e+00,6.970417419389413283e+00,7.225332144745287621e+00
6.799999999999999822e+00,9.937110190477088044e-10,6.179301310186933321e-03,6.289714498889431571e-03,5.898216768224983753e+00,6.087147669073353029e+00,6.491648859911066438e+00,6.780822812734015770e+00,7.007249735154701398e+00
6.849999999999999645e+00,9.929462708586139916e-10,6.912739998474112628e-03,7.054462687984299797e-03,5.804072341608886632e+00,5.947737121146900563e+00,6.319811792264196981e+00,6.580418548089880915e+00,6.773084547205804995e+00
6.900000000000000355e+00,9.920889098973017401e-10,7.730733431763480053e-03,7.911823649296637409e-03,5.727480030447580361e+00,5.829329586959438814e+00,6.157608195510931637e+00,6.380307926766292326e+00,6.534717772286050774e+00
6.950000000000000178e+00,9.911278163397705366e-10,8.642825221356448609e-03,8.872917206827798942e-03,5.667604520221019015e+00,5.750236201047016493e+00,6.035809486845394645e+00,6.213291900172542626e+00,6.320895869868479622e+00
7.000000000000000000e+00,9.900505599968558049e-10,9.659938878589237679e-03,9.950173549742499443e-03,5.615087273000696655e+00,5.690472447017974389e+00,5.948343179867393360e+00,6.086883607564438137e+00,6.149521807078627944e+00
7.049999999999999822e+00,9.888432523256109215e-10,1.079427508305763443e-02,1.115748122098736590e-02,5.564624557090191104e+00,5.630423201222370722e+00,5.868138818512093735e+00,5.977779426752356073e+00,6.006877572979817614e+00
7.099999999999999645e+00,9.874903834116321000e-10,1.205913336317973594e-02,1.251035013496620309e-02,5.516601185845743771e+00,5.570213393437761340e+00,5.793538651262295502e+00,5.880694356601637196e+00,5.882741870652026250e+00
7.150000000000000355e+00,9.859746428509518573e-10,1.346938882256698729e-02,1.402609069564649848e-02,5.471466831038888756e+00,5.513182816669676356e+00,5.726323135973991896e+00,5.796282829774824563e+00,5.777227184899636825e+00
7.200000000000000178e+00,9.842767235180035970e-10,1.504193384827506516e-02,1.572401002859466143e-02,5.429190976685816850e+00,5.460804623565067573e+00,5.664679392096623189e+00,5.719908866782965617e+00,5.683482497554955160e+00
7.250000000000000000e+00,9.823751073163582989e-10,1.679522959979802901e-02,1.762562623023997480e-02,5.389716123652334545e+00,5.412550386109700185e+00,5.607227843181718185e+00,5.647608257694699319e+00,5.594358901533254880e+00
7.299999999999999822e+00,9.802458321881216792e-10,1.874959328554584581e-02,1.975490135847656273e-02,5.352333157596021351e+00,5.367514252205133118e+00,5.554457859539503772e+00,5.581915230945639905e+00,5.514665107395344990e+00
7.349999999999999645e+00,9.778622399268725011e-10,2.092808133063778220e-02,2.213849361972575550e-02,5.316101168457933568e+00,5.323409050021155053e+00,5.503822126149906069e+00,5.521089995407294282e+00,5.443522388931206990e+00
7.400000000000000355e+00,9.751947047235367909e-10,2.335594305486782957e-02,2.480602882306145313e-02,5.280944982731782034e+00,5.279329962012944577e+00,5.453229717236453666e+00,5.461539688631852130e+00,5.375526818934190487e+00
7.450000000000000178e+00,9.722103429062793962e-10,2.606054097448925327e-02,2.779039064031893144e-02,5.247085346825492991e+00,5.235583265260515873e+00,5.403034931074884639e+00,5.403448856480977724e+00,5.310507967151167463e+00
7.500000000000000000e+00,9.688727050528311356e-10,2.907213923360952093e-02,3.112802849376723746e-02,5.214619400628436097e+00,5.192774310981619124e+00,5.354812487268446830e+00,5.349286297350282382e+00,5.251576195371946199e+00
7.549999999999999822e+00,9.651414526030696475e-10,3.242526826798181050e-02,3.485928094352865048e-02,5.182903612405240779e+00,5.149892232958137583e+00,5.307550284627282622e+00,5.298302890684780664e+00,5.198231300469913663e+00
7.599999999999999645e+00,9.609720223364797365e-10,3.615796982529656534e-02,3.902871121011854127e-02,5.151359778025884850e+00,5.105530913422093420e+00,5.258843890942493715e+00,5.247178938884722754e+00,5.146369264301299040e+00
7.650000000000000355e+00,9.563152836684450251e-10,4.031070136183990960e-02,4.368544987815325964e-02,5.120069559149698080e+00,5.059925333531921865e+00,5.209068541692865040e+00,5.196122353432642171e+00,5.095904079584720137e+00
7.700000000000000178e+00,9.511171957366206048e-10,4.492756738849708331e-02,4.888353780997771458e-02,5.089133608625587613e+00,5.013330622008609794e+00,5.158694693629534811e+00,5.145638387141183046e+00,5.047240013465646769e+00
7.750000000000000000e+00,9.453184737795832340e-10,5.005676370992709345e-02,5.468225976701514279e-02,5.058832902842922863e+00,4.966369184913823176e+00,5.108192919515694541e+00,5.095984920967715937e+00,5.000461688369973956e+00
7.799999999999999822e+00,9.388542774494253483e-10,5.575076475543701976e-02,6.114645609717286184e-02,5.029713175879038545e+00,4.920311363036674379e+00,5.058121888301108982e+00,5.046915446604003819e+00,4.954739354773330717e+00
7.849999999999999645e+00,9.316539375493750285e-10,6.206613460109598746e-02,6.834679599722323640e-02,5.002140185369313485e+00,4.875844355303911470e+00,5.008904066187469084e+00,4.998340231117886390e+00,4.909473103953303053e+00
7.900000000000000355e+00,9.236407423499123959e-10,6.906369411277059334e-02,7.635999119668582247e-02,4.976323650219100614e+00,4.833244304144905357e+00,4.961370061367802009e+00,4.951265912908674238e+00,4.865613238091135884e+00
7.950000000000000178e+00,9.147318102085849673e-10,7.680953294397906139e-02,8.526892333801337764e-02,4.952234794963246145e+00,4.792207663166912823e+00,4.915381296243126030e+00,4.905668860426231959e+00,4.823188420995357717e+00
8.000000000000000000e+00,9.048380817763696190e-10,8.537440465442323878e-02,9.516265177022877053e-02,4.929818156128838780e+00,4.752148117490186507e+00,4.870208928848960284e+00,4.860838769666017356e+00,4.781491714175800212e+00
8.050000000000000711e+00,8.938644726545111052e-10,9.483216739791495986e-02,1.061362608920871919e-01,4.909337565134883619e+00,4.713276910744667703e+00,4.826181346190054455e+00,4.817136745416220833e+00,4.740812889943832431e+00
8.099999999999999645e+00,8.817102359404911844e-10,1.052601006692804181e-01,1.182904976061071728e-01,4.891052164533718383e+00,4.675920866550569599e+00,4.783867988245809499e+00,4.775159116246634028e+00,4.701472413214723645e+00
8.150000000000000355e+00,8.682695935343503085e-10,1.167331479375436215e-01,1.317311400122480602e-01,4.875153768304258506e+00,4.640247442207694917e+00,4.743464275401706232e+00,4.735113500231960870e+00,4.663620453337571803e+00
8.199999999999999289e+00,8.534327050724506537e-10,1.293261927569292480e-01,1.465680284741477657e-01,4.861835889285345047e+00,4.606435587278149058e+00,4.705120713001889499e+00,4.697203830955558601e+00,4.627705250411338511e+00
8.250000000000000000e+00,8.370870533931206620e-10,1.431206586730551233e-01,1.629136801534777079e-01,4.851374656805454322e+00,4.574689672585307676e+00,4.668960722012933218e+00,4.661520259597800475e+00,4.593855355007008257e+00
8.300000000000000711e+00,8.191193346823506458e-10,1.582089157839324522e-01,1.808813988642476445e-01,4.844007178372422118e+00,4.545067185584528602e+00,4.634867286195245129e+00,4.627867579724671998e+00,4.561871597456132577e+00
8.349999999999999645e+00,7.994179486455850985e-10,1.746814298560731837e-01,2.005827849010131392e-01,4.840048094297422665e+00,4.517811872781386739e+00,4.603017243759282451e+00,4.596364909807512333e+00,4.531830429221429313e+00
8.400000000000000355e+00,7.778761874178573780e-10,1.926124039424344236e-01,2.221245461287409406e-01,4.839863302052734184e+00,4.493225662480938354e+00,4.573413547245387178e+00,4.566750975095430931e+00,4.503273180114589991e+00
8.449999999999999289e+00,7.543962190191194225e-10,2.120645098447408172e-01,2.456045145274788621e-01,4.843717221618746294e+00,4.471612288466957352e+00,4.546081637965087907e+00,4.538819063105172802e+00,4.476045336271305075e+00
8.500000000000000000e+00,7.288939487873090407e-10,2.330708961086530862e-01,2.711067847592892321e-01,4.851902750828656963e+00,4.453399092845046425e+00,4.521439478560097314e+00,4.513031321716233890e+00,4.450608226582446036e+00
8.550000000000000711e+00,7.013048163710343831e-10,2.556738499529260245e-01,2.986959171755639852e-01,4.864771182990295983e+00,4.439154451906880183e+00,4.499983632482312146e+00,4.489927534638006534e+00,4.427424313198862649e+00
8.599999999999999645e+00,6.715905417703969639e-10,2.798984968916755633e-01,3.284101917762013434e-01,4.882679179278326842e+00,4.429465104410247989e+00,4.482119338637858164e+00,4.469863275436779304e+00,4.407005142577148149e+00
8.650000000000000355e+00,6.397467662879052739e-10,3.057097880558253822e-01,3.602539672586930752e-01,4.906117107565954427e+00,4.424911179245441417e+00,4.468365632839152113e+00,4.453326755964965855e+00,4.389699929066573247e+00
8.699999999999999289e+00,6.058114377985957019e-10,3.330476056078709446e-01,3.941892957480025994e-01,4.935734706098912739e+00,4.426055080771668315e+00,4.459057926279605510e+00,4.440500425404380280e+00,4.375515309163759525e+00
8.750000000000000000e+00,5.698736601140462718e-10,3.617993022464321418e-01,4.301270734325520206e-01,4.972294958347262650e+00,4.433663547514626657e+00,4.454727961859958896e+00,4.431840236944758260e+00,4.365047924646390243e+00
8.800000000000000711e+00,5.320825614776518884e-10,3.918101491516642887e-01,4.679181720689464252e-01,5.016474644030630259e+00,4.448614355538296650e+00,4.456199593235638190e+00,4.428252086673808208e+00,4.359386134166925331e+00
8.849999999999999645e+00,4.926555400655601822e-10,4.228793148976182636e-01,5.073451934810381259e-01,5.068846841968820627e+00,4.471689099176941795e+00,4.464048489894409499e+00,4.430281574526318877e+00,4.359076007769871808e+00
8.900000000000000355e+00,4.518850249088910641e-10,4.547358808356549154e-01,5.481157086377073107e-01,5.130088123948581824e+00,4.503606955577765802e+00,4.478462314233226493e+00,4.437991523093472779e+00,4.364326506555478602e+00
8.949999999999999289e+00,4.101426698425394965e-10,4.870210450135954994e-01,5.898580637040587993e-01,5.201033135970526189e+00,4.545085190428814315e+00,4.499938720280994175e+00,4.451669845652766355e+00,4.374752963561427066e+00
9.000000000000000000e+00,3.678797110281549743e-10,5.193386792027123722e-01,6.321210225184433762e-01,5.282610990971406295e+00,4.596914722901580319e+00,4.529208396574958329e+00,4.471931608581051876e+00,4.390449473344084197e+00
9.050000000000000711e+00,3.256221168374711166e-10,5.512769625840123755e-01,6.743786167091272432e-01,5.375823182153851576e+00,4.659828368054192538e+00,4.566618208293647285e+00,4.499061376782478305e+00,4.412032688341383846e+00
9.099999999999999645e+00,2.839592099003213407e-10,5.823231983726736560e-01,7.160415236462769339e-01,5.481674916840823641e+00,4.733307502870040651e+00,4.609566903546486571e+00,4.528994807382915155e+00,4.434098130544988692e+00
9.150000000000000355e+00,2.435247226857454731e-10,6.119362906896741450e-01,7.564760108608528100e-01,5.601123648418827372e+00,4.816002092191979500e+00,4.654470219506947615e+00,4.556573604180286452e+00,4.449908823882999798e+00
9.199999999999999289e+00,2.049698346100440074e-10,6.392800951578184732e-01,7.950308989365543200e-01,5.737344014704163442e+00,4.914335158278376525e+00,4.713455264530423960e+00,4.596262226997701816e+00,4.474206625000554993e+00
9.250000000000000000e+00,1.689286780527328201e-10,6.638935871335146510e-01,8.310720554938655358e-01,5.892840114429695575e+00,5.032906230179719387e+00,4.794391882168710595e+00,4.657881824410871729e+00,4.518774928201999330e+00
9.300000000000000711e+00,1.359780801746560668e-10,6.857200330079565864e-01,8.640226533719422841e-01,6.067423625114209074e+00,5.168325493161724182e+00,4.890800759605099302e+00,4.734779581228458767e+00,4.578928382948276976e+00
9.349999999999999645e+00,1.065948153396319693e-10,7.044583587615972364e-01,8.934059182069663541e-01,6.261863332926942860e+00,5.319889091526050606e+00,5.000937738467953864e+00,4.824921638231906229e+00,4.652079001887372556e+00
9.400000000000000355e+00,8.111513628601074766e-11,7.199523387876163305e-01,9.188855972605876055e-01,6.476578464250948741e+00,5.486339271113990890e+00,5.122667508819908733e+00,4.926032620102972714e+00,4.735876737219854249e+00
9.449999999999999289e+00,5.970245138399562987e-11,7.321690182850103534e-01,9.402982821626026944e-01,6.712036217393141158e+00,5.667125500334421417e+00,5.255371181629456601e+00,5.037245020696495601e+00,4.828984285801588783e+00
9.500000000000000000e+00,4.232925067366005019e-11,7.411895727150733526e-01,9.576714828729382400e-01,6.967774670848712049e+00,5.860437248128732790e+00,5.397182780412400405e+00,5.156426905748638490e+00,4.928518439262980166e+00
9.550000000000000711e+00,2.877831408053180580e-11,7.472716764341726936e-01,9.712224194660665777e-01,7.240580353537367841e+00,6.062205075861953674e+00,5.544949230538875895e+00,5.281399792978845653e+00,5.033476973084574979e+00
9.599999999999999645e+00,1.866563825362438174e-11,7.508093866269200944e-01,9.813350952929739135e-01,7.525169993646862565e+00,6.268423313207463821e+00,5.697014310718202523e+00,5.412091947440067941e+00,5.145822681617033822e+00
9.650000000000000355e+00,1.148360184238235512e-11,7.522320904312959078e-01,9.885171317042159567e-01,7.809552258819245196e+00,6.470862423374704520e+00,5.848517755085140379e+00,5.544778370116901556e+00,5.262855010931993149e+00
9.699999999999999289e+00,6.658429701896938565e-12,7.520379516112022378e-01,9.933423038447014575e-01,8.083516270047162777e+00,6.662746227100299734e+00,5.993902195083343543e+00,5.673534933206710207e+00,5.377578093302588513e+00
9.750000000000000000e+00,3.612293035639800338e-12,7.507058479897984471e-01,9.963884405109585396e-01,8.344952657389882233e+00,6.844259192904829092e+00,6.133295041839588180e+00,5.798171344666847915e+00,5.489039843142286657e+00
9.800000000000000711e+00,1.818810230338266760e-12,7.486395223601216564e-01,9.981819233162601002e-01,8.590676181019809121e+00,7.023241004501137752e+00,6.279866259821289987e+00,5.934638214132327505e+00,5.616328028818024620e+00
9.849999999999999645e+00,8.422302624247398797e-13,7.462260822259649817e-01,9.991585032841736602e-01,8.814565784097673884e+00,7.194226165668233364e+00,6.426620315214009338e+00,6.074686533579210845e+00,5.750541362520486643e+00
9.900000000000000355e+00,3.550394621444526528e-13,7.437071789073820272e-01,9.996456940844539174e-01,9.014177035790424952e+00,7.346866932026955510e+00,6.558073431535454745e+00,6.199759370075213383e+00,5.870153659711846217e+00
9.949999999999999289e+00,1.346935112204410683e-13,7.411786198071196319e-01,9.998660400353778233e-01,9.196402729054497627e+00,7.484469994005642945e+00,6.675818726427699801e+00,6.310939114658580706e+00,5.975368475376441779e+00
1.000000000000000000e+01,4.539996306544890020e-14,7.386854279808702239e-01,9.999553335835328349e-01,9.367419577892427185e+00,7.611211669611499531e+00,6.783430940616248961e+00,6.411979589512611710e+00,6.069975015751097658e+00
1.005000000000000071e+01,1.340096539133046574e-14,7.362463012601697665e-01,9.999873325812069780e-01,9.531385729071544688e+00,7.730770478980865335e+00,6.884856787934850786e+00,6.506951931328956107e+00,6.158137207640876909e+00
1.009999999999999964e+01,3.408448401659425603e-15,7.338686722259610828e-01,9.999973250981966100e-01,9.693264655848480515e+00,7.846330331116647017e+00,6.982421987922805329e+00,6.597666048433474373e+00,6.241266748116018448e+00
1.015000000000000036e+01,7.335465983014587962e-16,7.315541347305269948e-01,1.000000000000000000e+00,9.853126618757940491e+00,7.956928712140623361e+00,7.074595373970488765e+00,6.682666541632094948e+00,6.318428972712737846e+00
