# log_age,instantaneous_sfr,integrated_stellar_mass,integrated_formed_mass,u,g,r,i,z
5.500000000000000000e+00,0.000000000000000000e+00,9.976748033739296639e-01,1.000000000000000000e+00,3.281618034553446250e-01,6.716629527229187602e-01,1.173579334793345197e+00,1.532146485924748447e+00,1.845725527200876570e+00
5.549999999999999822e+00,0.000000000000000000e+00,9.975290470322634162e-01,1.000000000000000000e+00,3.219231610680779454e-01,6.655925281775978419e-01,1.167595501524388624e+00,1.526318097602995749e+00,1.839978898906295512e+00
5.599999999999999645e+00,0.000000000000000000e+00,9.974145052032383774e-01,1.000000000000000000e+00,3.134229688444563067e-01,6.573919398917098533e-01,1.159528059843708547e+00,1.518453986037016534e+00,1.832237169574938207e+00
5.650000000000000355e+00,0.000000000000000000e+00,9.970415866607194033e-01,1.000000000000000000e+00,3.090031990382797744e-01,6.528508899402751808e-01,1.154996659148473270e+00,1.514061128256962263e+00,1.827885586447678179e+00
5.700000000000000178e+00,0.000000000000000000e+00,9.968433319250533664e-01,1.000000000000000000e+00,2.983863139264713027e-01,6.425784825489202490e-01,1.144888057156663308e+00,1.504226353523776538e+00,1.818214494794140990e+00
5.750000000000000000e+00,0.000000000000000000e+00,9.966593321802476035e-01,1.000000000000000000e+00,2.851688160808478756e-01,6.298554045899464882e-01,1.132374095463568153e+00,1.492051785911911566e+00,1.806257333795656450e+00
5.799999999999999822e+00,0.000000000000000000e+00,9.964242818591110273e-01,1.000000000000000000e+00,2.712546661897619060e-01,6.164307828922233057e-01,1.119146253144648995e+00,1.479164662828736709e+00,1.793585298135980111e+00
5.849999999999999645e+00,0.000000000000000000e+00,9.959012606721090455e-01,1.000000000000000000e+00,2.620583063991688277e-01,6.072731790156211673e-01,1.110064558023573511e+00,1.470342109772772687e+00,1.784875786109680007e+00
5.900000000000000355e+00,0.000000000000000000e+00,9.956442862444789821e-01,1.000000000000000000e+00,2.437507186154590499e-01,5.896421570917169674e-01,1.092654020046808228e+00,1.453324821028225244e+00,1.768112587348326770e+00
5.950000000000000178e+00,0.000000000000000000e+00,9.950398685742020133e-01,1.000000000000000000e+00,2.308357740057189744e-01,5.768807816420959966e-01,1.079948535164113821e+00,1.440888866063680496e+00,1.755793309642314171e+00
6.000000000000000000e+00,0.000000000000000000e+00,9.946378595534260958e-01,1.000000000000000000e+00,2.076472366909243306e-01,5.544613644719476042e-01,1.057658417045566068e+00,1.418965430884867374e+00,1.734103212797698745e+00
6.049999999999999822e+00,0.000000000000000000e+00,9.941417386016510038e-01,1.000000000000000000e+00,1.811399457548219516e-01,5.287513570030668575e-01,1.031988658990123042e+00,1.393612627192602815e+00,1.708937255024224555e+00
6.099999999999999645e+00,0.000000000000000000e+00,9.933339546302593082e-01,1.000000000000000000e+00,1.572003527198759798e-01,5.051109322449818251e-01,1.008242331606346909e+00,1.370071890505414558e+00,1.685400105926930792e+00
6.150000000000000355e+00,0.000000000000000000e+00,9.926168043211814895e-01,1.000000000000000000e+00,1.224978623179211468e-01,4.711943768770083807e-01,9.744105662785713662e-01,1.336625777879831389e+00,1.652103750324414477e+00
6.200000000000000178e+00,0.000000000000000000e+00,9.915199480940681820e-01,1.000000000000000000e+00,8.867048406092692403e-02,4.375627050969299603e-01,9.406581898552417442e-01,1.303224260770392107e+00,1.618759150084081000e+00
6.250000000000000000e+00,0.000000000000000000e+00,9.901484617024813861e-01,1.000000000000000000e+00,4.582788549441119130e-02,3.948486545582596818e-01,8.975137446582195366e-01,1.260138617095911684e+00,1.575477551273017696e+00
6.299999999999999822e+00,0.000000000000000000e+00,9.880618778071521557e-01,1.000000000000000000e+00,-6.604138395313441379e-02,2.815876359276856533e-01,7.815701359381819202e-01,1.142831545960895312e+00,1.456298277308718525e+00
6.349999999999999645e+00,0.000000000000000000e+00,9.848498950236568295e-01,1.000000000000000000e+00,-1.994123350893985958e-01,1.450705709332709148e-01,6.317758389814116526e-01,9.931069361918147820e-01,1.304181026201739257e+00
6.400000000000000355e+00,0.000000000000000000e+00,9.831588753926328028e-01,1.000000000000000000e+00,-2.666254524770295120e-01,7.614509116763201746e-02,5.613613769737568759e-01,9.211773434276508965e-01,1.231045881157108113e+00
6.450000000000000178e+00,0.000000000000000000e+00,9.757013075165198446e-01,1.000000000000000000e+00,-3.484881724896595756e-01,-1.440913632665541400e-02,4.497176790061772067e-01,8.122521164738358834e-01,1.119582470302283639e+00
6.500000000000000000e+00,0.000000000000000000e+00,9.747391077682515670e-01,1.000000000000000000e+00,-4.956977087849629982e-01,-1.902925638205772430e-01,2.805723495804244294e-01,6.289769852839341979e-01,9.305180250643445561e-01
6.549999999999999822e+00,0.000000000000000000e+00,9.703888957574284824e-01,1.000000000000000000e+00,-3.539023240632559464e-01,-1.641291993137059535e-01,2.465590341307049016e-01,5.526962741067151796e-01,7.826240622649720535e-01
6.599999999999999645e+00,0.000000000000000000e+00,9.662659981839667456e-01,1.000000000000000000e+00,-3.033330507406617471e-01,-8.459814930226627894e-02,3.561387789192309583e-01,6.732920476081147854e-01,9.349277818573398235e-01
6.650000000000000355e+00,0.000000000000000000e+00,9.615010996108600549e-01,1.000000000000000000e+00,-2.442264623194887463e-01,-6.261560587497427832e-02,3.588180599820560701e-01,6.612078970286745516e-01,9.083480482595476246e-01
6.700000000000000178e+00,0.000000000000000000e+00,9.575246237050242248e-01,1.000000000000000000e+00,-1.839287598549717018e-01,-1.734028591664085184e-01,1.813616282296877102e-01,4.396344442079609394e-01,6.348862476032763880e-01
6.750000000000000000e+00,0.000000000000000000e+00,9.493013770915039728e-01,1.000000000000000000e+00,-4.390893791725147821e-02,1.534710555939966525e-02,2.807207104802955655e-01,4.478249291310447688e-01,5.667966665717329988e-01
6.799999999999999822e+00,0.000000000000000000e+00,9.409167656669388258e-01,1.000000000000000000e+00,9.327194832555107951e-02,-9.057682313939352525e-02,1.471646361120377833e-01,3.008827012750998620e-01,3.834011313774041696e-01
6.849999999999999645e+00,0.000000000000000000e+00,9.332673073778995354e-01,1.000000000000000000e+00,3.396475366581199751e-01,-9.603378383327765277e-02,3.656807499413616824e-02,1.446855734566057095e-01,1.694743866572920865e-01
6.900000000000000355e+00,0.000000000000000000e+00,9.252642919921243436e-01,1.000000000000000000e+00,7.114203039151476560e-01,4.104001306340094857e-01,1.912272502434717580e-01,9.581829795800445027e-02,3.439490727490124300e-02
6.950000000000000178e+00,0.000000000000000000e+00,9.172767585819461278e-01,1.000000000000000000e+00,8.589436606623479520e-01,6.499669166325645620e-01,4.988468371607268637e-01,3.889148371398150061e-01,2.819052327874942421e-01
7.000000000000000000e+00,0.000000000000000000e+00,9.096037418658448059e-01,1.000000000000000000e+00,9.548327717451527974e-01,6.743224212841667509e-01,5.986740489602411230e-01,5.188097192119087708e-01,4.211840701756557337e-01
7.049999999999999822e+00,0.000000000000000000e+00,9.016826922597424021e-01,1.000000000000000000e+00,1.053207916753009954e+00,7.681284868304913971e-01,7.329009303671583098e-01,6.647262160044462576e-01,5.670912845578399697e-01
7.099999999999999645e+00,0.000000000000000000e+00,8.937487291100979503e-01,1.000000000000000000e+00,1.243863935693930500e+00,1.015917719869811719e+00,1.047738745792720749e+00,9.817458578509743461e-01,8.629552317472075629e-01
7.150000000000000355e+00,0.000000000000000000e+00,8.870941503617830737e-01,1.000000000000000000e+00,1.396236511685629011e+00,1.147395731781926997e+00,1.177291375204745805e+00,1.089896479026890574e+00,9.464780006178870053e-01
7.200000000000000178e+00,0.000000000000000000e+00,8.802359852656083117e-01,1.000000000000000000e+00,1.543868645501213166e+00,1.280474352360151613e+00,1.307456524262249786e+00,1.199459747351703243e+00,1.034806422532483339e+00
7.250000000000000000e+00,0.000000000000000000e+00,8.732613962370335825e-01,1.000000000000000000e+00,1.701851215931903027e+00,1.462903093240228714e+00,1.512144289480318093e+00,1.410769077764008728e+00,1.249540833008303764e+00
7.299999999999999822e+00,0.000000000000000000e+00,8.671974584855730583e-01,1.000000000000000000e+00,1.818706732292724837e+00,1.561326589036596602e+00,1.603735737861128996e+00,1.503406577421692703e+00,1.348024663396643064e+00
7.349999999999999645e+00,0.000000000000000000e+00,8.610275062193303297e-01,1.000000000000000000e+00,1.939271233315594145e+00,1.661049197519375298e+00,1.694857585127834909e+00,1.592980530989109411e+00,1.440552321115916357e+00
7.400000000000000355e+00,0.000000000000000000e+00,8.547227073158323307e-01,1.000000000000000000e+00,2.063895866956848124e+00,1.763505027811596904e+00,1.788118473209650006e+00,1.684378023693561488e+00,1.534275900259153502e+00
7.450000000000000178e+00,0.000000000000000000e+00,8.484752267412424276e-01,1.000000000000000000e+00,2.200134430204059299e+00,1.873987846221851328e+00,1.887077655537304111e+00,1.779740405558484895e+00,1.630491946910616718e+00
7.500000000000000000e+00,0.000000000000000000e+00,8.421034920862029427e-01,1.000000000000000000e+00,2.337508900763857866e+00,1.995591373880053254e+00,2.024898880754520292e+00,1.942899492021382457e+00,1.818933337631996494e+00
7.549999999999999822e+00,0.000000000000000000e+00,8.366722673306650204e-01,1.000000000000000000e+00,2.434140459461097805e+00,2.073965562307826360e+00,2.130246894784285416e+00,2.076141215829323983e+00,1.976652788023343987e+00
7.599999999999999645e+00,0.000000000000000000e+00,8.314032787540137637e-01,1.000000000000000000e+00,2.519667782443157478e+00,2.115093969486380843e+00,2.179146122819190623e+00,2.147537162765310370e+00,2.071997506855851157e+00
7.650000000000000355e+00,0.000000000000000000e+00,8.260338284743671267e-01,1.000000000000000000e+00,2.606890332763633467e+00,2.161048956976593161e+00,2.235020599029056143e+00,2.224558516962900967e+00,2.171304055551324552e+00
7.700000000000000178e+00,0.000000000000000000e+00,8.205683176627307507e-01,1.000000000000000000e+00,2.696972546079720701e+00,2.212734992343143858e+00,2.297131525877986746e+00,2.306493763311621592e+00,2.274757917958119435e+00
7.750000000000000000e+00,0.000000000000000000e+00,8.149742936740683730e-01,1.000000000000000000e+00,2.795658862566938296e+00,2.282548677740514620e+00,2.370218971477044079e+00,2.394660795259085262e+00,2.382414292213830720e+00
7.799999999999999822e+00,0.000000000000000000e+00,8.095087030765725222e-01,1.000000000000000000e+00,2.906607088999749067e+00,2.373140230068720768e+00,2.440574028646601334e+00,2.462272179220882151e+00,2.455229831984738098e+00
7.849999999999999645e+00,0.000000000000000000e+00,8.039706174290774943e-01,1.000000000000000000e+00,3.019925476470554315e+00,2.464969589036812181e+00,2.515101181952076104e+00,2.533621567595709223e+00,2.529638312173666748e+00
7.900000000000000355e+00,0.000000000000000000e+00,7.983511529893206893e-01,1.000000000000000000e+00,3.134327010607989905e+00,2.567298244013031194e+00,2.612164349188894619e+00,2.630680351752388901e+00,2.630327292443311649e+00
7.950000000000000178e+00,0.000000000000000000e+00,7.931390550474995971e-01,1.000000000000000000e+00,3.249762179090495806e+00,2.656398867426005950e+00,2.686220425418738955e+00,2.698049601245315898e+00,2.695982297097543778e+00
8.000000000000000000e+00,0.000000000000000000e+00,7.878226508087387003e-01,1.000000000000000000e+00,3.370725345897291447e+00,2.745797153347332653e+00,2.763035378668007525e+00,2.768240088771982244e+00,2.763083704085794068e+00
8.050000000000000711e+00,0.000000000000000000e+00,7.823956224826794648e-01,1.000000000000000000e+00,3.496218715070646965e+00,2.836318282981231675e+00,2.844717001193181716e+00,2.844909454528455228e+00,2.836884859988330732e+00
8.099999999999999645e+00,0.000000000000000000e+00,7.770178564924560272e-01,1.000000000000000000e+00,3.620046468140181162e+00,2.923942461831039452e+00,2.930544697889921224e+00,2.928340367762928054e+00,2.911046617346549681e+00
8.150000000000000355e+00,0.000000000000000000e+00,7.706284382034928049e-01,1.000000000000000000e+00,3.746925051930617201e+00,3.009460492233735351e+00,3.012827181513124231e+00,3.009712524558459279e+00,2.988408842306682800e+00
8.199999999999999289e+00,0.000000000000000000e+00,7.641521354871745331e-01,1.000000000000000000e+00,3.879111429873290717e+00,3.102269289039121247e+00,3.103439858823968223e+00,3.100224618090315687e+00,3.075653879362022280e+00
8.250000000000000000e+00,0.000000000000000000e+00,7.581135252675176295e-01,1.000000000000000000e+00,4.010874927003349910e+00,3.190082448283988015e+00,3.184819408389714113e+00,3.179583651458692373e+00,3.151131736941323425e+00
8.300000000000000711e+00,0.000000000000000000e+00,7.535749446233636073e-01,1.000000000000000000e+00,4.150025062884523663e+00,3.282947243583770103e+00,3.273859270986442027e+00,3.267363807088081273e+00,3.234076993596254113e+00
8.349999999999999645e+00,0.000000000000000000e+00,7.489829512824469626e-01,1.000000000000000000e+00,4.289171919820951473e+00,3.370850589732242497e+00,3.352908378984885474e+00,3.337117320857871050e+00,3.282572804320395221e+00
8.400000000000000355e+00,0.000000000000000000e+00,7.443650149534318805e-01,1.000000000000000000e+00,4.430376041530578846e+00,3.459319944729571716e+00,3.426580218517017329e+00,3.394359459379785449e+00,3.310374906389796479e+00
8.449999999999999289e+00,0.000000000000000000e+00,7.396430868429313410e-01,1.000000000000000000e+00,4.573409099713025228e+00,3.549566583805955133e+00,3.501379164149007295e+00,3.451621605313050622e+00,3.336954698516734652e+00
8.500000000000000000e+00,0.000000000000000000e+00,7.336347203217991053e-01,1.000000000000000000e+00,4.716056291020265689e+00,3.644285623995344281e+00,3.585064183569883767e+00,3.548952573299246183e+00,3.490083899598708683e+00
8.550000000000000711e+00,0.000000000000000000e+00,7.292117195573903921e-01,1.000000000000000000e+00,4.859928066341204556e+00,3.742738727970227330e+00,3.665049672308676065e+00,3.619533475737689798e+00,3.555709163549117591e+00
8.599999999999999645e+00,0.000000000000000000e+00,7.253333048318357790e-01,1.000000000000000000e+00,4.998416667938350599e+00,3.845607432691366512e+00,3.748958361556674390e+00,3.693851135034002198e+00,3.625076497912104401e+00
8.650000000000000355e+00,0.000000000000000000e+00,7.206399193160393235e-01,1.000000000000000000e+00,5.137462797779591028e+00,3.951580173807293761e+00,3.830960933218840125e+00,3.764532856294962926e+00,3.691084741952984416e+00
8.699999999999999289e+00,0.000000000000000000e+00,7.159306019126128184e-01,1.000000000000000000e+00,5.280198408946660038e+00,4.061712555346247200e+00,3.913485887802835350e+00,3.834715048596528675e+00,3.755079958760191516e+00
8.750000000000000000e+00,0.000000000000000000e+00,7.111449425657713208e-01,1.000000000000000000e+00,5.427096763778813227e+00,4.177683315201626613e+00,3.999220150999704515e+00,3.908128332883478606e+00,3.824993746872664246e+00
8.800000000000000711e+00,0.000000000000000000e+00,7.059903353898818734e-01,1.000000000000000000e+00,5.571727042979702560e+00,4.295950407355228151e+00,4.086840340403043115e+00,3.984422583839247523e+00,3.897426641418277882e+00
8.849999999999999645e+00,0.000000000000000000e+00,7.011976123337688716e-01,1.000000000000000000e+00,5.713401928372974226e+00,4.417958912930380677e+00,4.173834034140774918e+00,4.058554770030525560e+00,3.966068041652995646e+00
8.900000000000000355e+00,0.000000000000000000e+00,6.960785673868914447e-01,1.000000000000000000e+00,5.850778727546007474e+00,4.541972178807505145e+00,4.250418109673475442e+00,4.115304573279203737e+00,4.013623979381399920e+00
8.949999999999999289e+00,0.000000000000000000e+00,6.907080919312273970e-01,1.000000000000000000e+00,5.985202912443838841e+00,4.670057994336985985e+00,4.336818648119113107e+00,4.187071878392806923e+00,4.074509090994304472e+00
9.000000000000000000e+00,0.000000000000000000e+00,6.857913870999641226e-01,1.000000000000000000e+00,6.119716341069889154e+00,4.798606660035417804e+00,4.422749862973994084e+00,4.259009564987593421e+00,4.137292353479324447e+00
9.050000000000000711e+00,0.000000000000000000e+00,6.810670884263592129e-01,1.000000000000000000e+00,6.253313148293855761e+00,4.924482912118953948e+00,4.503059762189913329e+00,4.320927469732922077e+00,4.185164310335025561e+00
9.099999999999999645e+00,0.000000000000000000e+00,6.755975265394510432e-01,1.000000000000000000e+00,6.377635551440661743e+00,5.010741138635211200e+00,4.514895126095836986e+00,4.301971501090783079e+00,4.145435487343767988e+00
9.150000000000000355e+00,0.000000000000000000e+00,6.702681348032460962e-01,1.000000000000000000e+00,6.492038947555151651e+00,5.082247960576673051e+00,4.526725868908954453e+00,4.289599038411687104e+00,4.114279077120180261e+00
9.199999999999999289e+00,0.000000000000000000e+00,6.596785242943906669e-01,1.000000000000000000e+00,6.717206034145931426e+00,5.326055964764698558e+00,4.755681844482602116e+00,4.484616351961300040e+00,4.265095597264341620e+00
9.250000000000000000e+00,0.000000000000000000e+00,6.545585333452913490e-01,1.000000000000000000e+00,6.894006806094260753e+00,5.509153787793813706e+00,4.932732662223955344e+00,4.660068409086647989e+00,4.425996840641872154e+00
9.300000000000000711e+00,0.000000000000000000e+00,6.497948303866223352e-01,1.000000000000000000e+00,7.056562257024481255e+00,5.654759706937426245e+00,5.054717488320648044e+00,4.773216677440601075e+00,4.536437277106919908e+00
9.349999999999999645e+00,0.000000000000000000e+00,6.453692193463166360e-01,1.000000000000000000e+00,7.213779598547155558e+00,5.787947793834135268e+00,5.165084096193453433e+00,4.874994085212343009e+00,4.628590866107039403e+00
9.400000000000000355e+00,0.000000000000000000e+00,6.412312176963673727e-01,1.000000000000000000e+00,7.372419550331287041e+00,5.916265068972556662e+00,5.267136039297753314e+00,4.966598252220315146e+00,4.709802125258917727e+00
9.449999999999999289e+00,0.000000000000000000e+00,6.370247817063851015e-01,1.000000000000000000e+00,7.529235556374494820e+00,6.043391002668272449e+00,5.370381399413645340e+00,5.056910251720559302e+00,4.785197629830335586e+00
9.500000000000000000e+00,0.000000000000000000e+00,6.328264846445241787e-01,1.000000000000000000e+00,7.672453299318576114e+00,6.153222810067205728e+00,5.458817949254068935e+00,5.137284746523647527e+00,4.856796511691285900e+00
9.550000000000000711e+00,0.000000000000000000e+00,6.288404585711833139e-01,1.000000000000000000e+00,7.828658780431027253e+00,6.283196407015687157e+00,5.572184692199037670e+00,5.243820346775954988e+00,4.957049107231974006e+00
9.599999999999999645e+00,0.000000000000000000e+00,6.248804328646627715e-01,1.000000000000000000e+00,7.956642469435045939e+00,6.398813040180044709e+00,5.677000640315696955e+00,5.342608212160442349e+00,5.049650675980394965e+00
9.650000000000000355e+00,0.000000000000000000e+00,6.214900405655547910e-01,1.000000000000000000e+00,8.080036456765625985e+00,6.525939663778231647e+00,5.807526094336772360e+00,5.480256067025401023e+00,5.194799888312921610e+00
9.699999999999999289e+00,0.000000000000000000e+00,6.182815526900088399e-01,1.000000000000000000e+00,8.185740760477621336e+00,6.613291758997178249e+00,5.884162290625276626e+00,5.553011376179981085e+00,5.262056573883626243e+00
9.750000000000000000e+00,0.000000000000000000e+00,6.150664678061130708e-01,1.000000000000000000e+00,8.292690179452200994e+00,6.702458655711247104e+00,5.963322891864414999e+00,5.629088918025495047e+00,5.333588143058655362e+00
9.800000000000000711e+00,0.000000000000000000e+00,6.118666104192242994e-01,1.000000000000000000e+00,8.357964417165874238e+00,6.777878429742450805e+00,6.045167550503308007e+00,5.715767749427001831e+00,5.425966109287806205e+00
9.849999999999999645e+00,0.000000000000000000e+00,6.087708789106484053e-01,1.000000000000000000e+00,8.477755067652786636e+00,6.878783809542149186e+00,6.133106016875295552e+00,5.799146773280206446e+00,5.506523146022360038e+00
9.900000000000000355e+00,0.000000000000000000e+00,6.057445650081030308e-01,1.000000000000000000e+00,8.607397347560656442e+00,6.986775954469017336e+00,6.231947176316047887e+00,5.896613603108704638e+00,5.603806108951353337e+00
9.949999999999999289e+00,0.000000000000000000e+00,6.024033407397104689e-01,1.000000000000000000e+00,8.742768000438701392e+00,7.066407636565791961e+00,6.282381855853287789e+00,5.929764490155896794e+00,5.620461698994766664e+00
1.000000000000000000e+01,0.000000000000000000e+00,5.989439735443022883e-01,1.000000000000000000e+00,8.898550120747920289e+00,7.184021240576811351e+00,6.382811202723949862e+00,6.023391401865048067e+00,5.707511889831039298e+00
1.005000000000000071e+01,0.000000000000000000e+00,5.955789003082987421e-01,1.000000000000000000e+00,9.053469100259846414e+00,7.295896388055695070e+00,6.476699262886562281e+00,6.109733854193933666e+00,5.786316144958185248e+00
1.009999999999999964e+01,0.000000000000000000e+00,5.922844326606057086e-01,1.000000000000000000e+00,9.216480744681007309e+00,7.414912134393794929e+00,6.578421686929040391e+00,6.204406773531978558e+00,5.873665414048893751e+00
1.015000000000000036e+01,0.000000000000000000e+00,5.891068755800104029e-01,1.000000000000000000e+00,9.374504267948395864e+00,7.524548632152217920e+00,6.670704824884502671e+00,6.289748617949442178e+00,5.952762892371602277e+00
