# log_age,instantaneous_sfr,integrated_stellar_mass,integrated_formed_mass,u,g,r,i,z
5.500000000000000000e+00,9.996845555433802483e-10,3.154428271917046524e-04,3.161780032180248803e-04,9.078332672460852848e+00,9.421833821728426983e+00,9.923750203798846314e+00,1.028231735493025667e+01,1.059589639620638479e+01
5.549999999999999822e+00,9.996459828359651938e-10,3.539229795086472645e-04,3.547507106329904174e-04,8.953006889480988661e+00,9.296517412594070606e+00,9.798438619380483772e+00,1.015701443072364896e+01,1.047059802657763328e+01
5.599999999999999645e+00,9.996027053182175144e-10,3.970910314040913738e-04,3.980282283807901143e-04,8.826912797167466351e+00,9.170457548389357783e+00,9.672395188174313319e+00,1.003099849251481857e+01,1.034459741154763890e+01
5.650000000000000355e+00,9.995541493751204747e-10,4.455121977135827692e-04,4.465841714777974347e-04,8.700239249676229747e+00,9.043823906835321225e+00,9.545783946532836239e+00,9.904430558960989117e+00,1.021805207958624351e+01
5.700000000000000178e+00,9.994996715187609801e-10,4.998233660493735806e-04,5.010620278372611772e-04,8.572918575468293056e+00,8.916551866474762278e+00,9.418541735757102629e+00,9.777250072136681069e+00,1.009090329591903412e+01
5.750000000000000000e+00,9.994385498932694719e-10,5.607462958085659976e-04,5.621836533287537891e-04,8.444534612749095004e+00,8.788258508627315280e+00,9.290295967703031010e+00,9.649093878101666633e+00,9.962796807684242140e+00
5.799999999999999822e+00,9.993699747511547333e-10,6.290841021893813292e-04,6.307587954436856721e-04,8.315016492694780936e+00,8.658876875177575982e+00,9.160979748057293648e+00,9.519896069000083116e+00,9.833667774376962711e+00
5.849999999999999645e+00,9.992930377775783486e-10,7.057254069846895846e-04,7.076957690198914337e-04,8.184719454615219547e+00,8.528730880795386327e+00,9.030907367428532950e+00,9.389963101904911014e+00,9.703814547938023338e+00
5.900000000000000355e+00,9.992067201245861953e-10,7.916778742593073804e-04,7.940134220121220681e-04,8.053458754353016502e+00,8.397646807928488499e+00,8.899906136647317112e+00,9.259123714921159376e+00,9.573067458394831419e+00
5.950000000000000178e+00,9.991098790011344936e-10,8.880672246153396539e-04,8.908545454639114035e-04,7.921147435828657990e+00,8.265539954983360360e+00,8.767888817270218738e+00,9.127288609561162502e+00,9.441335736677075374e+00
6.000000000000000000e+00,9.990012326467933570e-10,9.961522235348617763e-04,9.995008998049254023e-04,7.787593254090879213e+00,8.132222869305628876e+00,8.634662536799410759e+00,8.994262044095556519e+00,9.308421927548735653e+00
6.049999999999999822e+00,9.988793434970540268e-10,1.117356693578585095e-03,1.121390049544182012e-03,7.652146633342312043e+00,7.997080627567832778e+00,8.499611419679474977e+00,8.859429784357715221e+00,9.173715178021410566e+00
6.099999999999999645e+00,9.987425993260618420e-10,1.253243080146795906e-03,1.258134220536421535e-03,7.514974792969169926e+00,7.860244800190415049e+00,8.362852850970753593e+00,8.722897494530258200e+00,9.037305981879967476e+00
6.150000000000000355e+00,9.985891921281378878e-10,1.405570986141326450e-03,1.411541418460576401e-03,7.375747135887060324e+00,7.721383849902878183e+00,8.224060059078290408e+00,8.584342910253731418e+00,8.898870954577191128e+00
6.200000000000000178e+00,9.984170944724315837e-10,1.576300911119018003e-03,1.583639074166699225e-03,7.234106532773331821e+00,7.580129842705787269e+00,8.082864368150964651e+00,8.443405094889769202e+00,8.758052465293431510e+00
6.250000000000000000e+00,9.982240330352789300e-10,1.767588850298343946e-03,1.776700511319470252e-03,7.089786612280839506e+00,7.436175385512257208e+00,7.938926991715497650e+00,8.299723113507454286e+00,8.614467977811365529e+00
6.299999999999999822e+00,9.980074589821031849e-10,1.981796791995933324e-03,1.993274564495138308e-03,6.937838554317941941e+00,7.284473903147251406e+00,7.787026342009276902e+00,8.147965882613263489e+00,8.462657064036768872e+00
6.349999999999999645e+00,9.977645148348441135e-10,2.221439181671437842e-03,2.236218711754197567e-03,6.772800229472288436e+00,7.119335688773311688e+00,7.620501879065542994e+00,7.981492645008501086e+00,8.295823774299549314e+00
6.400000000000000355e+00,9.974919974217070360e-10,2.489587336509073781e-03,2.508736124891342185e-03,6.599396574807485649e+00,6.945495096867411178e+00,7.444388859499746047e+00,7.805311138895959289e+00,8.119057573675803496e+00
6.450000000000000178e+00,9.971863164634286773e-10,2.788948538408638281e-03,2.814417083169758454e-03,6.422063589625778945e+00,6.766961432735620008e+00,7.262033893922961170e+00,7.623010051822959099e+00,7.935944219722458115e+00
6.500000000000000000e+00,9.968434483041171065e-10,3.123302089006679307e-03,3.157285242481259156e-03,6.234774666739049565e+00,6.575423643390678308e+00,7.066035264251567583e+00,7.425980926168577412e+00,7.737446988368908762e+00
6.549999999999999822e+00,9.964588842450843531e-10,3.497278788245441507e-03,3.541849301513895574e-03,6.057217258969025409e+00,6.383456613244959499e+00,6.865711800555274635e+00,7.219909122395193890e+00,7.522860916368827588e+00
6.599999999999999645e+00,9.960275728870314125e-10,3.914882966293508487e-03,3.973160659566913992e-03,5.901082941793056591e+00,6.210095633756061773e+00,6.683741327893223172e+00,7.031217198904627708e+00,7.324707965357696082e+00
6.650000000000000355e+00,9.955438558297291205e-10,4.381066201607890405e-03,4.456877716869147091e-03,5.756158650067959570e+00,6.050910094168507669e+00,6.518615816586930123e+00,6.860653162874733368e+00,7.148323904738674628e+00
6.700000000000000178e+00,9.950013960194121002e-10,4.901485468138862441e-03,4.999337527186125882e-03,5.620963591484326116e+00,5.890017435010854285e+00,6.345948122989931051e+00,6.678282285251505357e+00,6.954811714767998865e+00
6.750000000000000000e+00,9.943930979731662434e-10,5.481313687936203473e-03,5.607635573431988228e-03,5.498128249916327093e+00,5.739263445759348770e+00,6.175367047580039070e+00,6.489440169437159511e+00,6.745716936819938780e+00
6.799999999999999822e+00,9.937110190477088044e-10,6.125772683905462458e-03,6.289714498889431571e-03,5.389249260312936940e+00,5.597093126573192023e+00,6.008519455440548995e+00,6.299144822880897721e+00,6.528455879650486793e+00
6.849999999999999645e+00,9.929462708586139916e-10,6.842176935254401862e-03,7.054462687984299797e-03,5.295833854354086156e+00,5.450469269242653070e+00,5.830042190843457206e+00,6.094469426459809824e+00,6.290796506239331620e+00
6.900000000000000355e+00,9.920889098973017401e-10,7.638578813473499533e-03,7.911823649296637409e-03,5.222565485214609282e+00,5.332441860356638585e+00,5.662995673670437213e+00,5.886535560662402133e+00,6.041557232433895308e+00
6.950000000000000178e+00,9.911278163397705366e-10,8.523592402919128591e-03,8.872917206827798942e-03,5.162596196638673973e+00,5.248785941055217563e+00,5.530476036723371180e+00,5.710967464790229542e+00,5.826963627623278796e+00
7.000000000000000000e+00,9.900505599968558049e-10,9.507065851879369436e-03,9.950173549742499443e-03,5.105823485007945806e+00,5.172107303352440510e+00,5.421278846156099007e+00,5.571823222991000080e+00,5.658862123681132061e+00
7.049999999999999822e+00,9.888432523256109215e-10,1.059975766852388687e-02,1.115748122098736590e-02,5.050673242711660293e+00,5.096290329302128441e+00,5.321549712986268332e+00,5.450117386382771656e+00,5.515801837311471445e+00
7.099999999999999645e+00,9.874903834116321000e-10,1.181334566401881676e-02,1.251035013496620309e-02,4.999241068703476287e+00,5.028267800767217466e+00,5.237707438690478057e+00,5.350178799556232434e+00,5.399304036959378550e+00
7.150000000000000355e+00,9.859746428509518573e-10,1.316185992848822699e-02,1.402609069564649848e-02,4.952500693775981233e+00,4.968410876891610428e+00,5.167211834672308157e+00,5.266504268684954582e+00,5.300936280716676663e+00
7.200000000000000178e+00,9.842767235180035970e-10,1.466081526650578164e-02,1.572401002859466143e-02,4.908996104845783748e+00,4.912342994630890303e+00,5.101604391701222596e+00,5.187985282519072427e+00,5.207850486855036820e+00
7.250000000000000000e+00,9.823751073163582989e-10,1.632623322694527757e-02,1.762562623023997480e-02,4.868534246281079447e+00,4.860875987803055409e+00,5.042315716755702226e+00,5.117256365498882076e+00,5.124270726059059200e+00
7.299999999999999822e+00,9.802458321881216792e-10,1.817692141059442865e-02,1.975490135847656273e-02,4.830342919807620206e+00,4.812872926968125853e+00,4.987789708543076017e+00,5.053033120161025238e+00,5.049473001703724151e+00
7.349999999999999645e+00,9.778622399268725011e-10,2.023377576984931869e-02,2.213849361972575550e-02,4.793584696367531706e+00,4.766141183184295471e+00,4.934600527100215572e+00,4.990871547837471667e+00,4.978006108197206458e+00
7.400000000000000355e+00,9.751947047235367909e-10,2.251863162400518162e-02,2.480602882306145313e-02,4.758346771329783564e+00,4.720727888699144614e+00,4.882737339289590750e+00,4.930605216744368136e+00,4.909419033793064102e+00
7.450000000000000178e+00,9.722103429062793962e-10,2.505565724835123742e-02,2.779039064031893144e-02,4.724838019746869122e+00,4.676821683468411095e+00,4.832344070217139631e+00,4.872289038614823653e+00,4.843599614910949924e+00
7.500000000000000000e+00,9.688727050528311356e-10,2.787133911836180145e-02,3.112802849376723746e-02,4.693209706583473917e+00,4.634770689631842799e+00,4.784389737969782175e+00,4.817659426423098523e+00,4.783003590137838046e+00
7.549999999999999822e+00,9.651414526030696475e-10,3.099638790786890183e-02,3.485928094352865048e-02,4.662801080401017373e+00,4.593887581561425293e+00,4.738937923206989922e+00,4.767447751771470621e+00,4.728865314238085205e+00
7.599999999999999645e+00,9.609720223364797365e-10,3.446531875415247831e-02,3.902871121011854127e-02,4.632789236923102294e+00,4.552509515425427367e+00,4.693897273978478779e+00,4.719104762370420758e+00,4.678127461064974568e+00
7.650000000000000355e+00,9.563152836684450251e-10,3.831390386768453171e-02,4.368544987815325964e-02,4.603069370711573072e+00,4.509997508563827751e+00,4.648166667528542462e+00,4.671202992001013854e+00,4.629083529785361861e+00
7.700000000000000178e+00,9.511171957366206048e-10,4.258043617757083926e-02,4.888353780997771458e-02,4.573771125891624934e+00,4.466643179950608555e+00,4.602124802685665372e+00,4.624041286100123216e+00,4.581892294933609833e+00
7.750000000000000000e+00,9.453184737795832340e-10,4.730623877966214086e-02,5.468225976701514279e-02,4.545138285235260867e+00,4.423055869967576825e+00,4.556251821498371157e+00,4.577924974598481356e+00,4.536712333292690857e+00
7.799999999999999822e+00,9.388542774494253483e-10,5.253657818063948992e-02,6.114645609717286184e-02,4.517566598920339516e+00,4.380198027279504913e+00,4.510819972691628266e+00,4.532560233894969315e+00,4.492824431581539102e+00
7.849999999999999645e+00,9.316539375493750285e-10,5.832034555326478381e-02,6.834679599722323640e-02,4.491352471941759461e+00,4.338637410806441608e+00,4.465934450339808848e+00,4.487597600412343013e+00,4.449476610055917547e+00
7.900000000000000355e+00,9.236407423499123959e-10,6.470905533535924181e-02,7.635999119668582247e-02,4.466611511896424247e+00,4.298678017524650841e+00,4.422305871555934687e+00,4.443818963154249957e+00,4.407386915245695036e+00
7.950000000000000178e+00,9.147318102085849673e-10,7.175971103235007087e-02,8.526892333801337764e-02,4.443447800804825931e+00,4.260316938240677587e+00,4.380004236298319142e+00,4.401217263429046511e+00,4.366441797887048892e+00
8.000000000000000000e+00,9.048380817763696190e-10,7.953279301548714375e-02,9.516265177022877053e-02,4.422042570441703901e+00,4.223326685560415683e+00,4.338609323634365467e+00,4.359213892024513370e+00,4.325925659073170948e+00
8.050000000000000711e+00,8.938644726545111052e-10,8.808912337093711964e-02,1.061362608920871919e-01,4.402641021968037194e+00,4.187831024827318060e+00,4.298410343021743074e+00,4.318149884687258577e+00,4.286150100616239911e+00
8.099999999999999645e+00,8.817102359404911844e-10,9.749255077128650415e-02,1.182904976061071728e-01,4.385393605671353612e+00,4.153899059065714994e+00,4.259737401318879790e+00,4.278470697228428321e+00,4.247413842304617049e+00
8.150000000000000355e+00,8.682695935343503085e-10,1.078013703029453985e-01,1.317311400122480602e-01,4.370441679436105176e+00,4.121544065526649092e+00,4.222726962554908425e+00,4.240418754908574783e+00,4.209938395141271883e+00
8.199999999999999289e+00,8.534327050724506537e-10,1.190711371859615175e-01,1.465680284741477657e-01,4.358048337619862878e+00,4.091022462065375009e+00,4.187624862198873643e+00,4.204298851883216059e+00,4.174190269353012184e+00
8.250000000000000000e+00,8.370870533931206620e-10,1.313671507837600727e-01,1.629136801534777079e-01,4.348449743117718924e+00,4.062551001148406726e+00,4.154566154712604487e+00,4.170216483615028835e+00,4.140286824345025707e+00
8.300000000000000711e+00,8.191193346823506458e-10,1.447701880340622194e-01,1.808813988642476445e-01,4.341927025822911901e+00,4.036306136622641816e+00,4.123676391958213117e+00,4.138264916010491845e+00,4.108290391433612854e+00
8.349999999999999645e+00,7.994179486455850985e-10,1.593566131535973096e-01,2.005827849010131392e-01,4.338800649064204151e+00,4.012496941263876238e+00,4.095100246580472003e+00,4.108405698490628311e+00,4.077724637867603974e+00
8.400000000000000355e+00,7.778761874178573780e-10,1.751814790230831476e-01,2.221245461287409406e-01,4.339344132304674417e+00,3.991248283917116169e+00,4.068670529182938367e+00,4.080069211731533585e+00,4.047343818713002861e+00
8.449999999999999289e+00,7.543962190191194225e-10,1.922891403230349017e-01,2.456045145274788621e-01,4.343894436947884685e+00,3.972871078306930315e+00,4.044528555557434402e+00,4.053168921544944681e+00,4.016742095996178818e+00
8.500000000000000000e+00,7.288939487873090407e-10,2.106883045199109128e-01,2.711067847592892321e-01,4.352798800875625318e+00,3.957796625288153791e+00,4.023214276435581382e+00,4.029074253171920361e+00,3.989764119806885390e+00
8.550000000000000711e+00,7.013048163710343831e-10,2.303963521961396588e-01,2.986959171755639852e-01,4.366441720729696385e+00,3.946536255295477247e+00,4.005175637069307015e+00,4.008479781322691338e+00,3.967926110527336903e+00
8.599999999999999645e+00,6.715905417703969639e-10,2.514468415041596350e-01,3.284101917762013434e-01,4.385199648757307500e+00,3.939634464117602874e+00,3.990749806542446265e+00,3.991037503610513681e+00,3.948984347983156340e+00
8.650000000000000355e+00,6.397467662879052739e-10,2.738021075657978143e-01,3.602539672586930752e-01,4.409491347349103307e+00,3.937660527359426510e+00,3.980361489124653929e+00,3.977110018821640836e+00,3.933304892992019575e+00
8.699999999999999289e+00,6.058114377985957019e-10,2.973761873911280884e-01,3.941892957480025994e-01,4.439915693672453756e+00,3.941219811792414873e+00,3.974368852706618327e+00,3.966956176159634140e+00,3.921097606919261125e+00
8.750000000000000000e+00,5.698736601140462718e-10,3.220594712938589232e-01,4.301270734325520206e-01,4.477185844768243328e+00,3.951035004094237024e+00,3.973316577315259224e+00,3.961077638557505054e+00,3.912896203680318763e+00
8.800000000000000711e+00,5.320825614776518884e-10,3.476855131979298963e-01,4.679181720689464252e-01,4.522010889683329538e+00,3.967837096161183297e+00,3.977832116372091775e+00,3.960123143413731839e+00,3.909426361831016550e+00
8.849999999999999645e+00,4.926555400655601822e-10,3.740524867405254916e-01,5.073451934810381259e-01,4.575075307726351070e+00,3.992356503856193228e+00,3.988460252006547080e+00,3.964592092400806678e+00,3.911105061608630251e+00
8.900000000000000355e+00,4.518850249088910641e-10,4.009070309004135191e-01,5.481157086377073107e-01,4.637108523067034582e+00,4.025378504187102635e+00,4.005359881393616206e+00,3.974252600881023056e+00,3.917450563225720828e+00
8.949999999999999289e+00,4.101426698425394965e-10,4.279163982515316045e-01,5.898580637040587993e-01,4.708906746162575985e+00,4.067757287954229639e+00,4.029049542870900780e+00,3.989493930747570971e+00,3.928600662792881337e+00
9.000000000000000000e+00,3.678797110281549743e-10,4.547329299943347891e-01,6.321210225184433762e-01,4.791395854675059240e+00,4.120367636927241506e+00,4.060439751605834147e+00,4.011429357627847025e+00,3.945652620071541605e+00
9.050000000000000711e+00,3.256221168374711166e-10,4.809921491297357576e-01,6.743786167091272432e-01,4.885597133697238803e+00,4.183930987593662110e+00,4.099842392773489053e+00,4.040094547119934987e+00,3.968412985904507195e+00
9.099999999999999645e+00,2.839592099003213407e-10,5.062269288217365881e-01,7.160415236462769339e-01,4.992406858838336348e+00,4.257872884217249521e+00,4.144379408353053407e+00,4.071213189067691474e+00,3.991589457369215665e+00
9.150000000000000355e+00,2.435247226857454731e-10,5.299481711592919364e-01,7.564760108608528100e-01,5.112504990024618223e+00,4.340861053554320392e+00,4.190674346608489031e+00,4.100456900107715796e+00,4.010131968621351461e+00
9.199999999999999289e+00,2.049698346100440074e-10,5.512853301840530129e-01,7.950308989365543200e-01,5.249136197893527367e+00,4.439408635946847426e+00,4.250621794879414495e+00,4.141130801971179665e+00,4.036790803144924666e+00
9.250000000000000000e+00,1.689286780527328201e-10,5.698716197575651732e-01,8.310720554938655358e-01,5.405270348648819834e+00,4.559208653796254396e+00,4.334260529241007021e+00,4.205703433096815047e+00,4.085263113502961119e+00
9.300000000000000711e+00,1.359780801746560668e-10,5.859001447431053666e-01,8.640226533719422841e-01,5.580678232456818932e+00,4.696921798876445564e+00,4.435414104992190687e+00,4.288476771985003211e+00,4.152226586236736239e+00
9.349999999999999645e+00,1.065948153396319693e-10,5.992004382652632577e-01,8.934059182069663541e-01,5.775882534676412661e+00,4.850780034316429123e+00,4.550036310404834694e+00,4.384178450172392161e+00,4.232119173397087764e+00
9.400000000000000355e+00,8.111513628601074766e-11,6.097098999976414690e-01,9.188855972605876055e-01,5.991422878216596359e+00,5.019830891442772725e+00,4.676384500059683091e+00,4.490738345089155814e+00,4.322046624338945264e+00
9.449999999999999289e+00,5.970245138399562987e-11,6.174368424773588604e-01,9.402982821626026944e-01,6.227356138042836164e+00,5.202950954802474826e+00,4.812973175094924727e+00,4.606275942635996046e+00,4.419572549156761454e+00
9.500000000000000000e+00,4.232925067366005019e-11,6.224795315537100526e-01,9.576714828729382400e-01,6.482056594032378882e+00,5.397119419929957473e+00,4.956932554827510273e+00,4.728208598485323932e+00,4.522370836042064468e+00
9.550000000000000711e+00,2.877831408053180580e-11,6.251009197789121341e-01,9.712224194660665777e-01,6.753138218913889546e+00,5.599862039827080196e+00,5.107287283837266045e+00,4.856707426356898338e+00,4.632076072480508344e+00
9.599999999999999645e+00,1.866563825362438174e-11,6.256560447112246015e-01,9.813350952929739135e-01,7.035248908427277570e+00,5.808002073159094891e+00,5.263357046031387654e+00,4.991878270650119021e+00,4.749507407651073265e+00
9.650000000000000355e+00,1.148360184238235512e-11,6.246404776422427307e-01,9.885171317042159567e-01,7.318766299432205358e+00,6.016924775689382443e+00,5.424931614914619615e+00,5.136181468088302893e+00,4.879713105387892824e+00
9.699999999999999289e+00,6.658429701896938565e-12,6.225690779166067612e-01,9.933423038447014575e-01,7.592001889234623491e+00,6.217309108598342959e+00,5.583591429399547224e+00,5.281315613993868396e+00,5.013966534161674815e+00
9.750000000000000000e+00,3.612293035639800338e-12,6.197838926100441848e-01,9.963884405109585396e-01,7.843299920303664408e+00,6.398677374432914178e+00,5.727692265339584310e+00,5.413692019017716461e+00,5.136173558683516660e+00
9.800000000000000711e+00,1.818810230338266760e-12,6.165423675169424689e-01,9.981819233162601002e-01,8.057604667995043712e+00,6.556683566894669468e+00,5.858239491590836678e+00,5.536602909759544389e+00,5.252573374951133189e+00
9.849999999999999645e+00,8.422302624247398797e-13,6.130795915670824714e-01,9.991585032841736602e-01,8.239351482720493891e+00,6.697004486582294192e+00,5.978770032898182762e+00,5.652156980027875477e+00,5.364563446787002476e+00
9.900000000000000355e+00,3.550394621444526528e-13,6.095711618096061324e-01,9.996456940844539174e-01,8.408653014017076543e+00,6.830956422231629688e+00,6.095577513178334073e+00,5.764652059398301276e+00,5.474322636036127676e+00
9.949999999999999289e+00,1.346935112204410683e-13,6.059753032776347137e-01,9.998660400353778233e-01,8.571766430960742866e+00,6.951841596677290624e+00,6.195454922714063173e+00,5.856080612784637651e+00,5.558627980135547375e+00
1.000000000000000000e+01,4.539996306544890020e-14,6.022355930979532701e-01,9.999553335835328349e-01,8.737909950277661153e+00,7.069894712748805432e+00,6.289947453780861508e+00,5.939688166573418471e+00,5.632255315016429620e+00
1.005000000000000071e+01,1.340096539133046574e-14,5.984725050291817006e-01,9.999873325812069780e-01,8.909425898643938524e+00,7.194143321212713715e+00,6.392818507050471055e+00,6.033352537691342832e+00,5.717156211099300833e+00
1.009999999999999964e+01,3.408448401659425603e-15,5.947923009337336975e-01,9.999973250981966100e-01,9.084705208676354005e+00,7.321163663851400827e+00,6.499645656052251752e+00,6.131737567439614622e+00,5.807147791516577229e+00
1.015000000000000036e+01,7.335465983014587962e-16,5.912474239679298416e-01,1.000000000000000000e+00,9.260184737448753367e+00,7.446038143873792592e+00,6.605070828186661913e+00,6.229248260829336914e+00,5.897012483494570745e+00
