# log_age,instantaneous_sfr,integrated_stellar_mass,integrated_formed_mass,g,r
5.500000000000000000e+00,1.321878151970546329e-10,4.172087383405404616e-05,4.180211844039962923e-05,1.155653456184045780e+01,1.205559833802857383e+01
5.549999999999999822e+00,1.321873051431155581e-10,4.681107078426904698e-05,4.690265783115182802e-05,1.143112691808558878e+01,1.193019294242812123e+01
5.599999999999999645e+00,1.321867328555261907e-10,5.252043160120944845e-05,5.262553372499379189e-05,1.130524396464006287e+01,1.180430497492841369e+01
5.650000000000000355e+00,1.321860907412392767e-10,5.892328273609470727e-05,5.904667659396805712e-05,1.117912165746260200e+01,1.167816010736338228e+01
5.700000000000000178e+00,1.321853702808728612e-10,6.610485550531398609e-05,6.625128025806404307e-05,1.105232082298343244e+01,1.155132829694844077e+01
5.750000000000000000e+00,1.321845619157208545e-10,7.415949916561248253e-05,7.433493177801762789e-05,1.092485750552603463e+01,1.142382203885739500e+01
5.799999999999999822e+00,1.321836549209875521e-10,8.319326494674966722e-05,8.340487911107849212e-05,1.079661980765563101e+01,1.129552917287028890e+01
5.849999999999999645e+00,1.321826372635676538e-10,9.332639552831049651e-05,9.358145331014023596e-05,1.066716538499465372e+01,1.116601594932766517e+01
5.900000000000000355e+00,1.321814954424893793e-10,1.046905312803347507e-04,1.049996640927925730e-04,1.053685058698820853e+01,1.103563073468029643e+01
5.950000000000000178e+00,1.321802143099100247e-10,1.174346980534667290e-04,1.178109898862245153e-04,1.040548884009192676e+01,1.090419115196174715e+01
6.000000000000000000e+00,1.321787768702957158e-10,1.317251504755827219e-04,1.321853860294444898e-04,1.027293977023499849e+01,1.077156217334103872e+01
6.049999999999999822e+00,1.321771640551308839e-10,1.477484056349703107e-04,1.483135376779151724e-04,1.013891271023830143e+01,1.063747495290283496e+01
6.099999999999999645e+00,1.321753544701800545e-10,1.657159873413950114e-04,1.664093871859453184e-04,1.000265804160994776e+01,1.050121398615742407e+01
6.150000000000000355e+00,1.321733241119637301e-10,1.858611094389985279e-04,1.867129693493121739e-04,9.863800414709729125e+00,1.036240147365478492e+01
6.200000000000000178e+00,1.321710460497052221e-10,2.084429784409592837e-04,2.094935919344847130e-04,9.721772712086462320e+00,1.022040975474163815e+01
6.250000000000000000e+00,1.321684900685529955e-10,2.337485878991094252e-04,2.350534034568093440e-04,9.575468036979565056e+00,1.007398224936565612e+01
6.299999999999999822e+00,1.321656222693747660e-10,2.620956910024891187e-04,2.637313952391998344e-04,9.421114113134223089e+00,9.919167808064891290e+00
6.349999999999999645e+00,1.321624046198513373e-10,2.938338602742988632e-04,2.959078904731527728e-04,9.254658898393721245e+00,9.751591119465437885e+00
6.400000000000000355e+00,1.321587944509628442e-10,3.293428705560465133e-04,3.320095793581434628e-04,9.080623962855440823e+00,9.575501045228193675e+00
6.450000000000000178e+00,1.321547438922461566e-10,3.690484469859244237e-04,3.725151665250364566e-04,8.894201057779341113e+00,9.385861080307428495e+00
6.500000000000000000e+00,1.321501992384083118e-10,4.134220130695079190e-04,4.179617049035320346e-04,8.697187282730517666e+00,9.185004904956663552e+00
6.549999999999999822e+00,1.321451002389871542e-10,4.629938774277390576e-04,4.689516991150744288e-04,8.506021257084995568e+00,8.984826647209509076e+00
6.599999999999999645e+00,1.321393793017563200e-10,5.182122104338623839e-04,5.261610714235907078e-04,8.318150960697657581e+00,8.785732319356796438e+00
6.650000000000000355e+00,1.321329605994577540e-10,5.797647371981253265e-04,5.903480944089616392e-04,8.142060873130930077e+00,8.599633651882271579e+00
6.700000000000000178e+00,1.321257590682026713e-10,6.486391895564059531e-04,6.623634069599428640e-04,8.001632620192459910e+00,8.449953851672148630e+00
6.750000000000000000e+00,1.321176792844932261e-10,7.254822316140866921e-04,7.431612440545224633e-04,7.874568982357715186e+00,8.307135133572444374e+00
6.799999999999999822e+00,1.321086142062712226e-10,8.108949483037655292e-04,8.338120262741660757e-04,7.738298518780766244e+00,8.143615086395691094e+00
6.849999999999999645e+00,1.320984437616739835e-10,9.058475342850765650e-04,9.355164722468190756e-04,7.600970574411789471e+00,7.973957069964846767e+00
6.900000000000000355e+00,1.320870332672560518e-10,1.011455222917463648e-03,1.049621416426084084e-03,7.484545775659704248e+00,7.814026640912302923e+00
6.950000000000000178e+00,1.320742316552999086e-10,1.128889975485227208e-03,1.177637535987610239e-03,7.407056975631334694e+00,7.694173456759315854e+00
7.000000000000000000e+00,1.320598694874609756e-10,1.259521472539103541e-03,1.321259214376825511e-03,7.348664701400778654e+00,7.608320580091870511e+00
7.049999999999999822e+00,1.320437567293577297e-10,1.404887555980412813e-03,1.482386795409500234e-03,7.289979745418968093e+00,7.529645813168933444e+00
7.099999999999999645e+00,1.320256802577936516e-10,1.566644523572503561e-03,1.663151511050155835e-03,7.231098990754588840e+00,7.456464199088131295e+00
7.150000000000000355e+00,1.320054010690656968e-10,1.746658185859686690e-03,1.865943398329675783e-03,7.175259576092400948e+00,7.390476071798445901e+00
7.200000000000000178e+00,1.319826511532408483e-10,1.947085357207155440e-03,2.093442556578302156e-03,7.123873281898980281e+00,7.329875183262416272e+00
7.250000000000000000e+00,1.319571299953480525e-10,2.170268522255732954e-03,2.348654135506061599e-03,7.076390832961145350e+00,7.273278104891744533e+00
7.299999999999999822e+00,1.319285006601059134e-10,2.418785208129414863e-03,2.634947487927391963e-03,7.031905992744263756e+00,7.221124407637304898e+00
7.349999999999999645e+00,1.318963854120648611e-10,2.695620644765130310e-03,2.956099968337965594e-03,6.988180713619428275e+00,7.170916998225322914e+00
7.400000000000000355e+00,1.318603608178643085e-10,3.004047037711734050e-03,3.316345910343484246e-03,6.944315416017772691e+00,7.120606302202141080e+00
7.450000000000000178e+00,1.318199522716725457e-10,3.347598635305250921e-03,3.720431372261249342e-03,6.900575920914057804e+00,7.070505446795365856e+00
7.500000000000000000e+00,1.317746278787785266e-10,3.730226867495166094e-03,4.173675301201341600e-03,6.857508521748215458e+00,7.022087383377503045e+00
7.549999999999999822e+00,1.317237916257432208e-10,4.156579054840598732e-03,4.682037831554433822e-03,6.814118349485291048e+00,6.974351608677594072e+00
7.599999999999999645e+00,1.316667757585034790e-10,4.631843280873924884e-03,5.252196503951984084e-03,6.769032936321075056e+00,6.924965963964673676e+00
7.650000000000000355e+00,1.316028322823909014e-10,5.161528206172926250e-03,5.891631265077817807e-03,6.722441021728606358e+00,6.874252838472223459e+00
7.700000000000000178e+00,1.315311234902376817e-10,5.751734265176134189e-03,6.608719186609752702e-03,6.674545544865893021e+00,6.822619204192449160e+00
7.750000000000000000e+00,1.314507114166871146e-10,6.409262984830876343e-03,7.412839922115473448e-03,6.625887776601651069e+00,6.770464814492143546e+00
7.799999999999999822e+00,1.313605461086449949e-10,7.141692442604773844e-03,8.314493002536692268e-03,6.577605645951585700e+00,6.718264144709841901e+00
7.849999999999999645e+00,1.312594525937000066e-10,7.957397409233638030e-03,9.325428151986576292e-03,6.530280248891983774e+00,6.666355072585240293e+00
7.900000000000000355e+00,1.311461164205758089e-10,8.865654663709698902e-03,1.045878988322862871e-02,6.484095565639336201e+00,6.615441621806105843e+00
7.950000000000000178e+00,1.310190676386273394e-10,9.876945770552768983e-03,1.172927770271342540e-02,6.438694939814155305e+00,6.565322093561974270e+00
8.000000000000000000e+00,1.308766630775509071e-10,1.100296392687947350e-02,1.315332331347748157e-02,6.393455233661669013e+00,6.515242497721281723e+00
8.050000000000000711e+00,1.307170667844879226e-10,1.225647145412282236e-02,1.474928624410759732e-02,6.348478752380813717e+00,6.465415902350734711e+00
8.099999999999999645e+00,1.305382284744086127e-10,1.365158556284483404e-02,1.653766934490057822e-02,6.303959239759102218e+00,6.416258632731768330e+00
8.150000000000000355e+00,1.303378598521498065e-10,1.520290229237887536e-02,1.854135556748867653e-02,6.259934616676844144e+00,6.367835740079385687e+00
8.199999999999999289e+00,1.301134086721294388e-10,1.692627282064957175e-02,2.078586736769217486e-02,6.216438105243767609e+00,6.320155158124578065e+00
8.250000000000000000e+00,1.298620304163297218e-10,1.884054518781102736e-02,2.329964992568952370e-02,6.173513139445155673e+00,6.273191350194210258e+00
8.300000000000000711e+00,1.295805574948270793e-10,2.096898325061870641e-02,2.611437914071595631e-02,6.131059710807299723e+00,6.226693741938973403e+00
8.349999999999999645e+00,1.292654659087057203e-10,2.333736148113852923e-02,2.926529500192959557e-02,6.089123903176030694e+00,6.180656923683983450e+00
8.400000000000000355e+00,1.289128393660212572e-10,2.597184955583206611e-02,3.279156042877386795e-02,6.047781773452094001e+00,6.134913408643186017e+00
8.449999999999999289e+00,1.285183309117662325e-10,2.890086778784638905e-02,3.673664497132431150e-02,6.007090662701230599e+00,6.089304318369592295e+00
8.500000000000000000e+00,1.280771222276137557e-10,3.215251042593635783e-02,4.114873181284920550e-02,5.967184974671980058e+00,6.043979003140719897e+00
8.550000000000000711e+00,1.275838808827209352e-10,3.576324623200813346e-02,4.608114526177727738e-02,5.928283843796613439e+00,5.999128718869279453e+00
8.599999999999999645e+00,1.270327159803672984e-10,3.977428529764816256e-02,5.159279428531347855e-02,5.890586335661552653e+00,5.954845016912017286e+00
8.650000000000000355e+00,1.264171328553009407e-10,4.422433379976534185e-02,5.774862553597726739e-02,5.854252649705429690e+00,5.911285345920660461e+00
8.699999999999999289e+00,1.257299877433351435e-10,4.915800840591216803e-02,6.462007665563541947e-02,5.819394896661407302e+00,5.868447067093647718e+00
8.750000000000000000e+00,1.249634436793087182e-10,5.462196834280434732e-02,7.228551729589938191e-02,5.786233288074988934e+00,5.826448979380096205e+00
8.800000000000000711e+00,1.241089292945363920e-10,6.066826316575052447e-02,8.083066114362261190e-02,5.755019448500505064e+00,5.785588467127205092e+00
8.849999999999999645e+00,1.231571026937356084e-10,6.735490492552086150e-02,9.034892715163050925e-02,5.725894797188956886e+00,5.745965629602238778e+00
8.900000000000000355e+00,1.220978232077485181e-10,7.474200706490802260e-02,1.009417220115015473e-01,5.698925579070476033e+00,5.707424179622250904e+00
8.949999999999999289e+00,1.209201345549134878e-10,8.288846241173722373e-02,1.127186085398518139e-01,5.674153299374552262e+00,5.670007011759636839e+00
9.000000000000000000e+00,1.196122638108092691e-10,9.186075567440345202e-02,1.257973159808938313e-01,5.651645758104315576e+00,5.633902706520778736e+00
9.050000000000000711e+00,1.181616415882525359e-10,1.017364709379027649e-01,1.403035382064614089e-01,5.631436990570925616e+00,5.599097578243274143e+00
9.099999999999999645e+00,1.165549499629372957e-10,1.125849723234531030e-01,1.563704544596136448e-01,5.613015975526941759e+00,5.564213242604523657e+00
9.150000000000000355e+00,1.147782059270166283e-10,1.244759033625174316e-01,1.741378948188204434e-01,5.595663386308281417e+00,5.527657733003643159e+00
9.199999999999999289e+00,1.128168894742958363e-10,1.374204065505104655e-01,1.937510593460281816e-01,5.581793204884348825e+00,5.494691485658869112e+00
9.250000000000000000e+00,1.106561267475665678e-10,1.514833643774838590e-01,2.153586866133209710e-01,5.572877316798290792e+00,5.468439398291110365e+00
9.300000000000000711e+00,1.082809399005543043e-10,1.668011113593169670e-01,2.391105550834436155e-01,5.567529357028433878e+00,5.446193191916179899e+00
9.349999999999999645e+00,1.056765762784553393e-10,1.834443341170848840e-01,2.651541913044333509e-01,5.565613330536429260e+00,5.427478605243983623e+00
9.400000000000000355e+00,1.028289299660212022e-10,2.014818725475571726e-01,2.936306544287745068e-01,5.567080924885857485e+00,5.411956900978900364e+00
9.449999999999999289e+00,9.972506836808128198e-11,2.209694843998319391e-01,3.246692704081737824e-01,5.572271417760333634e+00,5.399945858611225447e+00
9.500000000000000000e+00,9.635387485160884170e-11,2.419415113379258242e-01,3.583812055728981538e-01,5.581485115585174128e+00,5.391650621597044335e+00
9.550000000000000711e+00,9.270681506118946980e-11,2.644182248903602650e-01,3.948518034770919782e-01,5.594877839676172471e+00,5.387177642814862111e+00
9.599999999999999645e+00,8.877882869096429432e-11,2.884008973304964529e-01,4.341316671793437054e-01,5.612838140969977019e+00,5.387044476727275821e+00
9.650000000000000355e+00,8.456933955643718430e-11,3.138521102561112053e-01,4.762265585246148181e-01,5.635481428445224594e+00,5.391403729475207740e+00
9.699999999999999289e+00,8.008336405925097278e-11,3.407041131819220636e-01,5.210863134964769383e-01,5.663097174735355566e+00,5.400288193688403737e+00
9.750000000000000000e+00,7.533268100141639476e-11,3.688491543541182471e-01,5.685931440748227539e-01,5.696578836071864771e+00,5.414418984490225739e+00
9.800000000000000711e+00,7.033700392853883490e-11,3.981279686545838303e-01,6.185499148035983330e-01,5.737258231086237004e+00,5.435850612030293405e+00
9.849999999999999645e+00,6.512507111824065115e-11,4.283440004412226720e-01,6.706692429065801431e-01,5.785781885396794166e+00,5.465150519755155756e+00
9.900000000000000355e+00,5.973553931930450742e-11,4.592425711725747761e-01,7.245645608959415673e-01,5.842180374824721412e+00,5.501467471113961949e+00
9.949999999999999289e+00,5.421753815772774440e-11,4.904965965520757254e-01,7.797445725117090332e-01,5.907201908486960917e+00,5.545279190328578522e+00
1.000000000000000000e+01,4.863071739836351193e-11,5.217212302919774780e-01,8.356127801053515602e-01,5.981604269695111498e+00,5.597074176949917046e+00
1.005000000000000071e+01,4.304460579879069132e-11,5.524806238417134807e-01,8.914738961010798546e-01,6.066227998224150042e+00,5.657525865517925467e+00
1.009999999999999964e+01,3.753710703624059620e-11,5.823012790749586554e-01,9.465488837265807476e-01,6.161907193588163523e+00,5.727191401835760587e+00
1.015000000000000036e+01,3.219199540889865628e-11,6.106892103589198761e-01,1.000000000000000000e+00,6.269338930645595553e+00,5.806383866075435662e+00
