# log_age,instantaneous_sfr,integrated_stellar_mass,integrated_formed_mass,u,g,r,i,z
5.500000000000000000e+00,0.000000000000000000e+00,9.969664792630487105e-01,1.000000000000000000e+00,9.655424422297329556e-01,1.306457281542449778e+00,1.806631466130085073e+00,2.162451202069817668e+00,2.474253499182609062e+00
5.549999999999999822e+00,0.000000000000000000e+00,9.968990613004713452e-01,1.000000000000000000e+00,9.606375429050473258e-01,1.301653148245428326e+00,1.801772913632191830e+00,2.157709533055864881e+00,2.469596115712043627e+00
5.599999999999999645e+00,0.000000000000000000e+00,9.968498947764452556e-01,1.000000000000000000e+00,9.539791089824376513e-01,1.295203444094703116e+00,1.795293869895530747e+00,2.151383415382383646e+00,2.463389181384265214e+00
5.650000000000000355e+00,0.000000000000000000e+00,9.967286822345587938e-01,1.000000000000000000e+00,9.489681656220909645e-01,1.290196708929897795e+00,1.790169210472384975e+00,2.146357023602817549e+00,2.458434498534913359e+00
5.700000000000000178e+00,0.000000000000000000e+00,9.966351867000609044e-01,1.000000000000000000e+00,9.415291254567890178e-01,1.282933054395599015e+00,1.782840228590032439e+00,2.139193884213369756e+00,2.451390928111905509e+00
5.750000000000000000e+00,0.000000000000000000e+00,9.965348464854367760e-01,1.000000000000000000e+00,9.327921057152011031e-01,1.274407700514210262e+00,1.774238107078815574e+00,2.130776278957618786e+00,2.443111002239746199e+00
5.799999999999999822e+00,0.000000000000000000e+00,9.964173431705481976e-01,1.000000000000000000e+00,9.226980433923941405e-01,1.264552280013063523e+00,1.764290367916956370e+00,2.121028890294496705e+00,2.433511530697103353e+00
5.849999999999999645e+00,0.000000000000000000e+00,9.962369332057721127e-01,1.000000000000000000e+00,9.124866682166299370e-01,1.254513801882140456e+00,1.754110619572287533e+00,2.111054612558163512e+00,2.423673794090291267e+00
5.900000000000000355e+00,0.000000000000000000e+00,9.960918754516892015e-01,1.000000000000000000e+00,8.970371610573053545e-01,1.239518086653369267e+00,1.739006311521777093e+00,2.096210662046964046e+00,2.409046958470746347e+00
5.950000000000000178e+00,0.000000000000000000e+00,9.958692915295819237e-01,1.000000000000000000e+00,8.815077988812731746e-01,1.224327264985610952e+00,1.723596527794072131e+00,2.080980003282682844e+00,2.393968265677457907e+00
6.000000000000000000e+00,0.000000000000000000e+00,9.956695034358572505e-01,1.000000000000000000e+00,8.617699583641709182e-01,1.205177715945424666e+00,1.704222096381428742e+00,2.061805355136378637e+00,2.374976196475536483e+00
6.049999999999999822e+00,0.000000000000000000e+00,9.954337935836020668e-01,1.000000000000000000e+00,8.386594325267964223e-01,1.182751542357280528e+00,1.681483159619411083e+00,2.039190531908964488e+00,2.352503332841102690e+00
6.099999999999999645e+00,0.000000000000000000e+00,9.951059562584523288e-01,1.000000000000000000e+00,8.137442397546834627e-01,1.158538522165571294e+00,1.656844672395592966e+00,2.014611320366931579e+00,2.327977576664650883e+00
6.150000000000000355e+00,0.000000000000000000e+00,9.947785881456637780e-01,1.000000000000000000e+00,7.810488664588888241e-01,1.126784931121484590e+00,1.624548739768798100e+00,1.982195137241404836e+00,2.295553001483739308e+00
6.200000000000000178e+00,0.000000000000000000e+00,9.943542902044075760e-01,1.000000000000000000e+00,7.424749390228555512e-01,1.089217386286421174e+00,1.586219949378147476e+00,1.943268970157092213e+00,2.256408007234334434e+00
6.250000000000000000e+00,0.000000000000000000e+00,9.938149076038946816e-01,1.000000000000000000e+00,7.001861930219916985e-01,1.047737545750635491e+00,1.543942698756303855e+00,1.900204146084881529e+00,2.213079385874799243e+00
6.299999999999999822e+00,0.000000000000000000e+00,9.928928142559482195e-01,1.000000000000000000e+00,6.268767354663893343e-01,9.727973878372893068e-01,1.465680493636575932e+00,1.821255422706762772e+00,2.133247881438087745e+00
6.349999999999999645e+00,0.000000000000000000e+00,9.912924802037691441e-01,1.000000000000000000e+00,5.307688763064462023e-01,8.723247984326150117e-01,1.360065095826293202e+00,1.716251812745618111e+00,2.027346734560651953e+00
6.400000000000000355e+00,0.000000000000000000e+00,9.913661769486905584e-01,1.000000000000000000e+00,4.128592957360766036e-01,7.540076566062978713e-01,1.240150904804799836e+00,1.597155937983451679e+00,1.908149291467950093e+00
6.450000000000000178e+00,0.000000000000000000e+00,9.860576181813087704e-01,1.000000000000000000e+00,2.755672316629187435e-01,5.920100488837221064e-01,1.073854738234039985e+00,1.431592918715139717e+00,1.736310644173521212e+00
6.500000000000000000e+00,0.000000000000000000e+00,9.875063528572441962e-01,1.000000000000000000e+00,1.385651877571092427e-02,3.213384800370064909e-01,7.885187231673853603e-01,1.140207456839917199e+00,1.441779744931253049e+00
6.549999999999999822e+00,0.000000000000000000e+00,9.847181947200188690e-01,1.000000000000000000e+00,2.847415827683619227e-02,2.250062156007430758e-01,6.544016449512923828e-01,9.716499717953297477e-01,1.243628194204752901e+00
6.599999999999999645e+00,0.000000000000000000e+00,9.802302077231881405e-01,1.000000000000000000e+00,1.915301453764897133e-01,3.475522384300404610e-01,7.487334837716659308e-01,1.040096691141194185e+00,1.280388253773374174e+00
6.650000000000000355e+00,0.000000000000000000e+00,9.770214815480016135e-01,1.000000000000000000e+00,2.887764289719925159e-01,3.918427972509306301e-01,7.973629145075733504e-01,1.088644376669762437e+00,1.326944173890737488e+00
6.700000000000000178e+00,0.000000000000000000e+00,9.741475566624471227e-01,1.000000000000000000e+00,3.967930675146504882e-01,4.596147978603255524e-01,8.404938177058056681e-01,1.113340120069011618e+00,1.333149429677831677e+00
6.750000000000000000e+00,0.000000000000000000e+00,9.706355271714750543e-01,1.000000000000000000e+00,5.752044326347771630e-01,4.550884163707706875e-01,7.321079655770859063e-01,9.200055284138173306e-01,1.045043596386520335e+00
6.799999999999999822e+00,0.000000000000000000e+00,9.656942869308272615e-01,1.000000000000000000e+00,7.005092713980900498e-01,3.746753782305418667e-01,5.305026300018909069e-01,6.598805026177601007e-01,7.221322134262706527e-01
6.849999999999999645e+00,0.000000000000000000e+00,9.605171198380897390e-01,1.000000000000000000e+00,1.009012830534473437e+00,6.880474489232497604e-01,5.948617174254664519e-01,5.688023806776953961e-01,5.571596065153698873e-01
6.900000000000000355e+00,0.000000000000000000e+00,9.556567551601655719e-01,1.000000000000000000e+00,1.077335589335334021e+00,7.681190613752875151e-01,7.758797355028974607e-01,7.958590795424029807e-01,7.920797004335753400e-01
6.950000000000000178e+00,0.000000000000000000e+00,9.508071467572086766e-01,1.000000000000000000e+00,1.160766435642919703e+00,8.493904092429431785e-01,9.445263617070338569e-01,9.955564884207603882e-01,9.934532499998880439e-01
7.000000000000000000e+00,0.000000000000000000e+00,9.456751278700874508e-01,1.000000000000000000e+00,1.285577373990349770e+00,1.046160797503148387e+00,1.165070600670979672e+00,1.212782185704803339e+00,1.205492085139987068e+00
7.049999999999999822e+00,0.000000000000000000e+00,9.406430664067135794e-01,1.000000000000000000e+00,1.483432851700293043e+00,1.343097423746321795e+00,1.505579715974320720e+00,1.555005872627710062e+00,1.536172041630635476e+00
7.099999999999999645e+00,0.000000000000000000e+00,9.363409822602124510e-01,1.000000000000000000e+00,1.602963025773249228e+00,1.446078734652466835e+00,1.607940301016853368e+00,1.649333815565292127e+00,1.619974085724749102e+00
7.150000000000000355e+00,0.000000000000000000e+00,9.319423908267352452e-01,1.000000000000000000e+00,1.744663309011990293e+00,1.578936015837243190e+00,1.733630657353117499e+00,1.757540317699117338e+00,1.711793721379422095e+00
7.200000000000000178e+00,0.000000000000000000e+00,9.274263270572612461e-01,1.000000000000000000e+00,1.925758900576020949e+00,1.777314509613731275e+00,1.943759961246655621e+00,1.972266277289094205e+00,1.933263703648179899e+00
7.250000000000000000e+00,0.000000000000000000e+00,9.235172850854260762e-01,1.000000000000000000e+00,2.041408061010066888e+00,1.854314378077262404e+00,2.002774439274553231e+00,2.019263301361107210e+00,1.974603630122487630e+00
7.299999999999999822e+00,0.000000000000000000e+00,9.195959086244583913e-01,1.000000000000000000e+00,2.162394657550365196e+00,1.934771705217968929e+00,2.065245197879320926e+00,2.070958826142259568e+00,2.019176484565115004e+00
7.349999999999999645e+00,0.000000000000000000e+00,9.155545511080664944e-01,1.000000000000000000e+00,2.288176998519290350e+00,2.019739762507470004e+00,2.132558837417377617e+00,2.127758376378245941e+00,2.068597459306289466e+00
7.400000000000000355e+00,0.000000000000000000e+00,9.114043711360367839e-01,1.000000000000000000e+00,2.418533194449352663e+00,2.110585448495434946e+00,2.205237249451045045e+00,2.189634289576709136e+00,2.123087354298895946e+00
7.450000000000000178e+00,0.000000000000000000e+00,9.072989649501740361e-01,1.000000000000000000e+00,2.558893480944952614e+00,2.212617693471379710e+00,2.286315850585012299e+00,2.258546589324097909e+00,2.184052186878979285e+00
7.500000000000000000e+00,0.000000000000000000e+00,9.030669385741201260e-01,1.000000000000000000e+00,2.711525335108248669e+00,2.329258680563704331e+00,2.377212180065320979e+00,2.334820939221067704e+00,2.251876229328054535e+00
7.549999999999999822e+00,0.000000000000000000e+00,8.990849872501506246e-01,1.000000000000000000e+00,2.838106288519355758e+00,2.468039136242552445e+00,2.546174040870504029e+00,2.531972319642122216e+00,2.476405349286153523e+00
7.599999999999999645e+00,0.000000000000000000e+00,8.955467057860694302e-01,1.000000000000000000e+00,2.924092440693257799e+00,2.523745960042830916e+00,2.607865517730864724e+00,2.607024576322416465e+00,2.566926840119634790e+00
7.650000000000000355e+00,0.000000000000000000e+00,8.918565982593117392e-01,1.000000000000000000e+00,3.011846622505252924e+00,2.582613328102638661e+00,2.672657229167789694e+00,2.683758870466007806e+00,2.657621306520148607e+00
7.700000000000000178e+00,0.000000000000000000e+00,8.880802928057950352e-01,1.000000000000000000e+00,3.103079979290541246e+00,2.645383806865844178e+00,2.741002525016568825e+00,2.762956194580532099e+00,2.749706355782912226e+00
7.750000000000000000e+00,0.000000000000000000e+00,8.842266121223075759e-01,1.000000000000000000e+00,3.201069305164736534e+00,2.721467043411266218e+00,2.826472283963994414e+00,2.860905080430377723e+00,2.861806572033017915e+00
7.799999999999999822e+00,0.000000000000000000e+00,8.805481850570916480e-01,1.000000000000000000e+00,3.304942037767737872e+00,2.787431383565902365e+00,2.888202150703250481e+00,2.925761554664731534e+00,2.932794284604916868e+00
7.849999999999999645e+00,0.000000000000000000e+00,8.767607617139723253e-01,1.000000000000000000e+00,3.412279254588959532e+00,2.858436188006578504e+00,2.952164772307803275e+00,2.990788381005110352e+00,3.002322677326382916e+00
7.900000000000000355e+00,0.000000000000000000e+00,8.730393665077301746e-01,1.000000000000000000e+00,3.524491493012007481e+00,2.946282968606652730e+00,3.036095853506310505e+00,3.077585945527729905e+00,3.095726192877414462e+00
7.950000000000000178e+00,0.000000000000000000e+00,8.695232118506834862e-01,1.000000000000000000e+00,3.630133496864111464e+00,3.022123599053017529e+00,3.098981573366053510e+00,3.137267966076173309e+00,3.156463894677898452e+00
8.000000000000000000e+00,0.000000000000000000e+00,8.658795609236945579e-01,1.000000000000000000e+00,3.738521752835296752e+00,3.105420245105634081e+00,3.166228920357760046e+00,3.199468405023488060e+00,3.217937263978456031e+00
8.050000000000000711e+00,0.000000000000000000e+00,8.621727010428370530e-01,1.000000000000000000e+00,3.850944041194786394e+00,3.197826870030993973e+00,3.241921308867382834e+00,3.268589905795373340e+00,3.284674189509843245e+00
8.099999999999999645e+00,0.000000000000000000e+00,8.585474090454866536e-01,1.000000000000000000e+00,3.963637839710649757e+00,3.289503545835444243e+00,3.316143569363184440e+00,3.331885532564427876e+00,3.334790192447883328e+00
8.150000000000000355e+00,0.000000000000000000e+00,8.540859891301028073e-01,1.000000000000000000e+00,4.080432412754134930e+00,3.379353159697714659e+00,3.392436834328456996e+00,3.400360458001642883e+00,3.396814913365929556e+00
8.199999999999999289e+00,0.000000000000000000e+00,8.501709686672452859e-01,1.000000000000000000e+00,4.205944914603200857e+00,3.473077346626489259e+00,3.472702691530379582e+00,3.472471061449439844e+00,3.461851651972857269e+00
8.250000000000000000e+00,0.000000000000000000e+00,8.467874917548254832e-01,1.000000000000000000e+00,4.330665122999583616e+00,3.559909662606571601e+00,3.547623070364757325e+00,3.539693349365379049e+00,3.520839848407739225e+00
8.300000000000000711e+00,0.000000000000000000e+00,8.432990605371950554e-01,1.000000000000000000e+00,4.470663729951411369e+00,3.661608116713225058e+00,3.638751333170183955e+00,3.621946997798296763e+00,3.592919947393461655e+00
8.349999999999999645e+00,0.000000000000000000e+00,8.399253461619599070e-01,1.000000000000000000e+00,4.598419264386606642e+00,3.744242854668705434e+00,3.707236436716165429e+00,3.675516896949197587e+00,3.621414969998618005e+00
8.400000000000000355e+00,0.000000000000000000e+00,8.365120262054003275e-01,1.000000000000000000e+00,4.734705575545469003e+00,3.834227946679874321e+00,3.786062525248937050e+00,3.740504887988961968e+00,3.662023239898303473e+00
8.449999999999999289e+00,0.000000000000000000e+00,8.318707603381909621e-01,1.000000000000000000e+00,4.874647833420880261e+00,3.930507838181291902e+00,3.879767571255278824e+00,3.845614043903722745e+00,3.800354300475603964e+00
8.500000000000000000e+00,0.000000000000000000e+00,8.288180055178032690e-01,1.000000000000000000e+00,5.011863231846987787e+00,4.016761522161367282e+00,3.950453569114017682e+00,3.909993399034426886e+00,3.863560733412008119e+00
8.550000000000000711e+00,0.000000000000000000e+00,8.256725324245876019e-01,1.000000000000000000e+00,5.152566306657504924e+00,4.109935416028228872e+00,4.030233773249541684e+00,3.982559656412988147e+00,3.933613110060285578e+00
8.599999999999999645e+00,0.000000000000000000e+00,8.227934656191702167e-01,1.000000000000000000e+00,5.290324701478105851e+00,4.203112233582977808e+00,4.108718539411505333e+00,4.052863659092260207e+00,4.000435697971937543e+00
8.650000000000000355e+00,0.000000000000000000e+00,8.194795431598345115e-01,1.000000000000000000e+00,5.425151030253800855e+00,4.299595841916122652e+00,4.186890973192475940e+00,4.121427145076417276e+00,4.063469574781393590e+00
8.699999999999999289e+00,0.000000000000000000e+00,8.161837436714050042e-01,1.000000000000000000e+00,5.561358088662515797e+00,4.400293537489524454e+00,4.263804961040335684e+00,4.187238608406445906e+00,4.123453924417759708e+00
8.750000000000000000e+00,0.000000000000000000e+00,8.128462634981836743e-01,1.000000000000000000e+00,5.695751575761370589e+00,4.505883602713218750e+00,4.346011555157943462e+00,4.258509660901069083e+00,4.188790415685758717e+00
8.800000000000000711e+00,0.000000000000000000e+00,8.093120390445783796e-01,1.000000000000000000e+00,5.828847903667487174e+00,4.610478319320719720e+00,4.422244136807499615e+00,4.322827367136113708e+00,4.247369223381255665e+00
8.849999999999999645e+00,0.000000000000000000e+00,8.059698382765435598e-01,1.000000000000000000e+00,5.962757224415092594e+00,4.714708348517248737e+00,4.492034040201389189e+00,4.377851002495347643e+00,4.293630847159590758e+00
8.900000000000000355e+00,0.000000000000000000e+00,8.023224661510961475e-01,1.000000000000000000e+00,6.098140857629076095e+00,4.825440549047996797e+00,4.564919156655392385e+00,4.434868499490313809e+00,4.340622338980253403e+00
8.949999999999999289e+00,0.000000000000000000e+00,7.988408703205871486e-01,1.000000000000000000e+00,6.228158822786276971e+00,4.939446535321955878e+00,4.642215744881035278e+00,4.500968084825125004e+00,4.402679758405270150e+00
9.000000000000000000e+00,0.000000000000000000e+00,7.951446462892359790e-01,1.000000000000000000e+00,6.356697358860202485e+00,5.055264275234854665e+00,4.718170325458451941e+00,4.561852595969718038e+00,4.455556010179094528e+00
9.050000000000000711e+00,0.000000000000000000e+00,7.914913993391893277e-01,1.000000000000000000e+00,6.484352303389158578e+00,5.171888700438913133e+00,4.791643864178027457e+00,4.616302166811756535e+00,4.496927019795421643e+00
9.099999999999999645e+00,0.000000000000000000e+00,7.879653699702338088e-01,1.000000000000000000e+00,6.594416158894702562e+00,5.239652906870155391e+00,4.785337966268699006e+00,4.580941555707504165e+00,4.443263176349802279e+00
9.150000000000000355e+00,0.000000000000000000e+00,7.837902580490193616e-01,1.000000000000000000e+00,6.684207881631976989e+00,5.263951136275714759e+00,4.730203595491843771e+00,4.498848843855753898e+00,4.345511288886029888e+00
9.199999999999999289e+00,0.000000000000000000e+00,7.759089083156899269e-01,1.000000000000000000e+00,6.945785519831318311e+00,5.584341258169814637e+00,5.059556777948756690e+00,4.808725331347986298e+00,4.623164560689303926e+00
9.250000000000000000e+00,0.000000000000000000e+00,7.729279826348142146e-01,1.000000000000000000e+00,7.096898839711919038e+00,5.739901488479404179e+00,5.197022243879374059e+00,4.938942893138715817e+00,4.745624198980429753e+00
9.300000000000000711e+00,0.000000000000000000e+00,7.697353416489385314e-01,1.000000000000000000e+00,7.237391863490358901e+00,5.880294209713206044e+00,5.322174068987457929e+00,5.062193774538791047e+00,4.864185048519289012e+00
9.349999999999999645e+00,0.000000000000000000e+00,7.667806963388196229e-01,1.000000000000000000e+00,7.373501246291340294e+00,5.996265061322048950e+00,5.410477907907676354e+00,5.138511194139574911e+00,4.933968802483526872e+00
9.400000000000000355e+00,0.000000000000000000e+00,7.638078039333413560e-01,1.000000000000000000e+00,7.510619144889943755e+00,6.106366580050881510e+00,5.494240209657640150e+00,5.208956475890495597e+00,4.987180075049337802e+00
9.449999999999999289e+00,0.000000000000000000e+00,7.606528225514175290e-01,1.000000000000000000e+00,7.654071781038943811e+00,6.218515895534665106e+00,5.580436530401293282e+00,5.278354699324168564e+00,5.038081390463439391e+00
9.500000000000000000e+00,0.000000000000000000e+00,7.576841000816165739e-01,1.000000000000000000e+00,7.787286940978958683e+00,6.348139038151742852e+00,5.699593484388742581e+00,5.390017548913142775e+00,5.140148073610234292e+00
9.550000000000000711e+00,0.000000000000000000e+00,7.552107044789287960e-01,1.000000000000000000e+00,7.907651163249049375e+00,6.462850591861318605e+00,5.809391030114454679e+00,5.504428142915088529e+00,5.261056865666830618e+00
9.599999999999999645e+00,0.000000000000000000e+00,7.527484117458789203e-01,1.000000000000000000e+00,8.026046763112667293e+00,6.561805459572006782e+00,5.892233967736359546e+00,5.582213944695851637e+00,5.334883200292310335e+00
9.650000000000000355e+00,0.000000000000000000e+00,7.502900597814686767e-01,1.000000000000000000e+00,8.144614240750840395e+00,6.659867447377408212e+00,5.974495872778732064e+00,5.657906929162159315e+00,5.404743754593852145e+00
9.699999999999999289e+00,0.000000000000000000e+00,7.478121842637526218e-01,1.000000000000000000e+00,8.266624386906684663e+00,6.760833250402612293e+00,6.060002738674270972e+00,5.736565739569904565e+00,5.477024153238261306e+00
9.750000000000000000e+00,0.000000000000000000e+00,7.453822992808374348e-01,1.000000000000000000e+00,8.395896600250452479e+00,6.873286910808765526e+00,6.158653748069383482e+00,5.830087513713287706e+00,5.567858860385328512e+00
9.800000000000000711e+00,0.000000000000000000e+00,7.430526830387247372e-01,1.000000000000000000e+00,8.519725325565374874e+00,6.975276695810251226e+00,6.247094106058668217e+00,5.912742476059044350e+00,5.645910937570249644e+00
9.849999999999999645e+00,0.000000000000000000e+00,7.407101047875612743e-01,1.000000000000000000e+00,8.651086691144762142e+00,7.090643736129855768e+00,6.351273748826322674e+00,6.014820273298965958e+00,5.746782949553683295e+00
9.900000000000000355e+00,0.000000000000000000e+00,7.384442428419744076e-01,1.000000000000000000e+00,8.775306862505672711e+00,7.192270688054712480e+00,6.439779436922464129e+00,6.097950467786070305e+00,5.824736684672785714e+00
9.949999999999999289e+00,0.000000000000000000e+00,7.361959953943912893e-01,1.000000000000000000e+00,8.895041181005694853e+00,7.293667871929045532e+00,6.530253442885786797e+00,6.184432044770979076e+00,5.907220456210943382e+00
1.000000000000000000e+01,0.000000000000000000e+00,7.340166140706974041e-01,1.000000000000000000e+00,9.000763617378112258e+00,7.383473262605200205e+00,6.611838621222631218e+00,6.263417733871115445e+00,5.983548630169472915e+00
1.005000000000000071e+01,0.000000000000000000e+00,7.318526291882921919e-01,1.000000000000000000e+00,9.118470798457423143e+00,7.481846269596701404e+00,6.700873962218857116e+00,6.349423363108897433e+00,6.066309983767403935e+00
1.009999999999999964e+01,0.000000000000000000e+00,7.297395121696331755e-01,1.000000000000000000e+00,9.234721041827690158e+00,7.549089170079319899e+00,6.746164190864980981e+00,6.384551260670448869e+00,6.092668223189320997e+00
1.015000000000000036e+01,0.000000000000000000e+00,7.274285929412478424e-01,1.000000000000000000e+00,9.382491896214375515e+00,7.658971487960066327e+00,6.838918675205590603e+00,6.469830647641998667e+00,6.170235991566400457e+00
