# log_age,instantaneous_sfr,integrated_stellar_mass,integrated_formed_mass,u,g,r,i,z
5.500000000000000000e+00,2.575166043268241110e-10,8.119007835002465634e-05,8.143711954090958728e-05,1.118848643193404513e+01,1.152940127124675485e+01,1.202957545583439725e+01,1.238539519177412274e+01,1.269719748888691413e+01
5.549999999999999822e+00,2.575141202291387730e-10,9.109598544428409745e-05,9.137351028221866837e-05,1.106321925789626448e+01,1.140413970530298826e+01,1.190431086127224347e+01,1.226013710200892604e+01,1.257194408936848617e+01
5.599999999999999645e+00,2.575113330542201753e-10,1.022098342643295178e-04,1.025222099564536768e-04,1.093734887927517008e+01,1.127829142091563597e+01,1.177845531046209260e+01,1.213430218673072858e+01,1.244612455033464471e+01
5.650000000000000355e+00,2.575082058284387952e-10,1.146785601556882071e-04,1.150311130821162658e-04,1.081093727001240978e+01,1.115191101847618427e+01,1.165206021517822421e+01,1.200793927429375429e+01,1.231978581190057298e+01
5.700000000000000178e+00,2.575046970686119498e-10,1.286670172892693338e-04,1.290661523895095405e-04,1.068399410386324178e+01,1.102500586063038668e+01,1.152513187680733608e+01,1.188105435358100692e+01,1.219293310417194220e+01
5.750000000000000000e+00,2.575007602322506173e-10,1.443605700055933781e-04,1.448134978347889745e-04,1.055637116762631678e+01,1.089743842028605769e+01,1.139753581693047124e+01,1.175351656215528351e+01,1.206543839283710895e+01
5.799999999999999822e+00,2.574963431008536907e-10,1.619668124695083521e-04,1.624820234226272890e-04,1.042799287514945661e+01,1.076913489041474747e+01,1.126919725294536079e+01,1.162525156638056245e+01,1.193722783599745441e+01
5.849999999999999645e+00,2.574913870881141871e-10,1.817180165272554865e-04,1.823060743805016485e-04,1.029885889947122735e+01,1.064009069003268593e+01,1.114010859517042462e+01,1.149625138372073252e+01,1.180829220483272479e+01
5.900000000000000355e+00,2.574858264639174370e-10,2.038751667122739859e-04,2.045485711676367404e-04,1.016874109392233549e+01,1.051008897872291925e+01,1.101005305929415101e+01,1.136630135210689474e+01,1.167841996912544289e+01
5.950000000000000178e+00,2.574795874839074048e-10,2.287307215869138245e-04,2.295044912074897532e-04,1.003744931681468699e+01,1.037894598848014027e+01,1.087884311542809712e+01,1.123521067249609473e+01,1.154741977039533651e+01
6.000000000000000000e+00,2.574725874131671172e-10,2.566124874125757702e-04,2.575047741687309997e-04,9.904855897601947845e+00,1.024653932061247019e+01,1.074635104836045940e+01,1.110284707781575975e+01,1.141515635900953640e+01
6.049999999999999822e+00,2.574647334311737562e-10,2.878885874796024329e-04,2.889207021422287637e-04,9.770660854014906249e+00,1.011258557266518210e+01,1.061228948156957586e+01,1.096891919012355743e+01,1.128133691795548543e+01
6.099999999999999645e+00,2.574559214036492234e-10,3.229698472209193327e-04,3.241688122404675970e-04,9.634732778071814607e+00,9.976954888322410397e+00,1.047651877215296423e+01,1.083327872159961203e+01,1.114580478953772058e+01
6.150000000000000355e+00,2.574460345051948190e-10,3.623172788516004143e-04,3.637164060579717913e-04,9.496674307196769860e+00,9.839261335529428720e+00,1.033864185200144448e+01,1.069551443137491731e+01,1.100814009832108553e+01
6.200000000000000178e+00,2.574349416746704140e-10,4.064473010426920157e-04,4.080877281556989969e-04,9.355886616942967748e+00,9.698919533998520137e+00,1.019805589927683087e+01,1.055498485004359566e+01,1.086768563788933761e+01
6.250000000000000000e+00,2.574224958831176421e-10,4.559356846296689606e-04,4.578708943665737801e-04,9.212067541091755629e+00,9.555612107674257061e+00,1.005443299708917948e+01,1.041132612195603713e+01,1.072406424686329984e+01
6.299999999999999822e+00,2.574085321916186106e-10,5.114186774485401108e-04,5.137256603627250381e-04,9.063249078357081601e+00,9.407196504984419505e+00,9.905458240856290786e+00,1.026222383221517731e+01,1.057491973795211493e+01
6.349999999999999645e+00,2.573928655737875534e-10,5.735885530101349564e-04,5.763921316870402939e-04,8.906352522567530627e+00,9.250252882172034674e+00,9.747417627443510924e+00,1.010406608067104628e+01,1.041660154327610854e+01
6.400000000000000355e+00,2.573752884745947355e-10,6.432872285915451974e-04,6.467005284583740099e-04,8.738938761047506887e+00,9.082472335311486233e+00,9.578158277009102051e+00,9.934803515493221937e+00,1.024712294524367451e+01
6.450000000000000178e+00,2.573555680738733851e-10,7.212740880697298329e-04,7.255821313438248201e-04,8.558823212809151926e+00,8.899921932057537788e+00,9.393757664850049593e+00,9.750521833821984785e+00,1.006209541819508502e+01
6.500000000000000000e+00,2.573334432191359466e-10,8.086044976550525688e-04,8.140815502934861539e-04,8.354174764878990800e+00,8.690099209711583228e+00,9.180321665901935546e+00,9.536637828263337724e+00,9.846655639964495776e+00
6.549999999999999822e+00,2.573086209881789816e-10,9.065113019534796167e-04,9.133704741214381190e-04,8.143719652917006613e+00,8.463975665979177165e+00,8.945921429517134982e+00,9.297657462591530475e+00,9.602734437897751718e+00
6.599999999999999645e+00,2.572807728373488551e-10,1.015945866451172831e-03,1.024763077441884435e-03,7.961791644754683261e+00,8.258699861347650995e+00,8.728939449640030546e+00,9.071968798109594445e+00,9.367701451734845364e+00
6.650000000000000355e+00,2.572495302862257825e-10,1.138239494678665743e-03,1.149733281934256111e-03,7.806912637925684351e+00,8.080062532535684738e+00,8.539877726385654455e+00,8.874471100820954916e+00,9.160606234646756718e+00
6.700000000000000178e+00,2.572144800838128711e-10,1.275011101291654908e-03,1.289934091585745891e-03,7.668755579591064020e+00,7.917381754126239457e+00,8.367682431472282190e+00,8.694399678325758885e+00,8.971590056376989253e+00
6.750000000000000000e+00,2.571751587950456221e-10,1.427945380126695221e-03,1.447219246654900303e-03,7.548001956603904716e+00,7.764086304863056398e+00,8.197253450830871202e+00,8.508829709852264500e+00,8.767815294158573636e+00
6.799999999999999822e+00,2.571310467395039310e-10,1.598763372364999085e-03,1.623667468821431625e-03,7.442037461123135245e+00,7.608734725711357783e+00,8.009540425591481494e+00,8.294672621540442492e+00,8.521154685429308984e+00
6.849999999999999645e+00,2.570815612065758165e-10,1.789385970274685574e-03,1.821609600533875741e-03,7.352491952440267653e+00,7.471087393030813928e+00,7.821980743691852922e+00,8.066140503031277831e+00,8.250792341787708040e+00
6.900000000000000355e+00,2.570260488629212093e-10,2.002108656881624888e-03,2.043658975152436077e-03,7.274912044890967877e+00,7.357241836369851740e+00,7.661535652350877967e+00,7.867877310374964850e+00,8.017856547953790880e+00
6.950000000000000178e+00,2.569637772588850037e-10,2.239521062579312785e-03,2.292745391297226504e-03,7.199296065136131517e+00,7.250159722852110633e+00,7.527782610833206434e+00,7.712715124946740275e+00,7.841000735136915978e+00
7.000000000000000000e+00,2.568939253304535770e-10,2.504435342156030239e-03,2.572153105022918947e-03,7.127282100416849175e+00,7.153729901091921306e+00,7.415630609696933107e+00,7.586464490528463500e+00,7.699321836014590303e+00
7.049999999999999822e+00,2.568155727824112208e-10,2.799991871507034880e-03,2.885563297192352602e-03,7.061849361416079773e+00,7.073986686979637284e+00,7.326590621734666797e+00,7.487236050310919211e+00,7.588533530938335048e+00
7.099999999999999645e+00,2.567276882265124618e-10,3.129861645620496142e-03,3.237101520787393719e-03,7.002151630499625412e+00,7.005019917917131522e+00,7.251805742113191400e+00,7.404358347751973213e+00,7.495898352757478733e+00
7.150000000000000355e+00,2.566291159357371172e-10,3.498126164606122409e-03,3.631390683888766763e-03,6.945892152651573781e+00,6.939794478978356551e+00,7.181192830589559151e+00,7.325768113062494535e+00,7.407746826086857084e+00
7.200000000000000178e+00,2.565185610620654806e-10,3.909178824122716382e-03,4.073610178575198977e-03,6.894158200478251786e+00,6.880451347557681174e+00,7.117336180991671313e+00,7.254729699833553980e+00,7.328323611817097571e+00
7.250000000000000000e+00,2.563945731507662838e-10,4.368082073410673068e-03,4.569561823771972273e-03,6.845962373311010651e+00,6.825040411171052313e+00,7.057800794716790449e+00,7.188693479505474215e+00,7.255069914428347033e+00
7.299999999999999822e+00,2.562555277690382022e-10,4.880528587698350351e-03,5.125743350684480899e-03,6.799614061738459725e+00,6.770147589835822544e+00,6.998072290758472036e+00,7.122144634592231682e+00,7.181298460858556609e+00
7.349999999999999645e+00,2.560996060511703928e-10,5.452675920723559604e-03,5.749430222155713782e-03,6.755188278158115622e+00,6.715947311152632437e+00,6.938391839684292961e+00,7.055412112489975129e+00,7.107315494687235002e+00
7.400000000000000355e+00,2.559247719464541903e-10,6.091340206282321729e-03,6.448766641020455340e-03,6.712729953741700228e+00,6.662659359554204741e+00,6.879040302335795332e+00,6.988820978033977838e+00,7.033472048571482560e+00
7.450000000000000178e+00,2.557287469402625533e-10,6.804157612340959102e-03,7.232866665787006377e-03,6.672365233071523960e+00,6.610640545659158818e+00,6.820374967957157253e+00,6.922734133382675736e+00,6.960149557125788533e+00
7.500000000000000000e+00,2.555089820035483710e-10,7.599610368258759990e-03,8.111926412643691991e-03,6.634331039551831566e+00,6.560410553426081037e+00,6.762842348840742090e+00,6.857555653042012977e+00,6.887757957989293800e+00
7.549999999999999822e+00,2.552626265122019286e-10,8.487232405023810433e-03,9.097348378029557203e-03,6.598241589055554357e+00,6.512653835685249248e+00,6.708529204767081922e+00,6.796736350977703012e+00,6.821120753260736080e+00
7.599999999999999645e+00,2.549864938662043843e-10,9.477956493173452651e-03,1.020187896201987625e-02,6.562877415015144322e+00,6.465939185925662969e+00,6.656603542441885679e+00,6.740040269241468707e+00,6.760547615012832523e+00
7.650000000000000355e+00,2.546770235305641270e-10,1.058377081866595897e-02,1.143976030458065257e-02,6.527562037920780824e+00,6.418449816294142352e+00,6.604345767157049352e+00,6.683875875045075077e+00,6.701545000472009406e+00
7.700000000000000178e+00,2.543302392172485233e-10,1.181767938881929034e-02,1.282689755784327361e-02,6.492397320370699276e+00,6.370377869812415383e+00,6.551945995737412431e+00,6.628336199874134138e+00,6.644055440822633329e+00
7.750000000000000000e+00,2.539417029318144277e-10,1.319414241851006760e-02,1.438104269957952291e-02,6.457565651298594389e+00,6.322142922003799015e+00,6.499923971129248912e+00,6.573932194773981053e+00,6.588528511291102063e+00
7.799999999999999822e+00,2.535064646228729592e-10,1.472940972662538719e-02,1.612199593534534986e-02,6.423284680555362058e+00,6.273850498636768691e+00,6.448137910923776417e+00,6.520281912387915213e+00,6.534344134066273568e+00
7.849999999999999645e+00,2.530190072002647926e-10,1.644147913696872645e-02,1.807182562577826571e-02,6.389709889677575916e+00,6.225406274194085654e+00,6.396070999304335203e+00,6.466532899510511356e+00,6.480353766426866002e+00
7.900000000000000355e+00,2.524731867331462284e-10,1.835019177010769470e-02,2.025510749425234180e-02,6.356971827902526684e+00,6.177335161410731246e+00,6.344295195673616661e+00,6.413257378164502143e+00,6.427125363558474191e+00
7.950000000000000178e+00,2.518621677073834699e-10,2.047788404367442347e-02,2.269918359730337468e-02,6.325044570817695444e+00,6.129771196604131944e+00,6.292814850714648856e+00,6.360346093632692543e+00,6.374452743375741193e+00
8.000000000000000000e+00,2.511783533193035341e-10,2.284904821953893592e-02,2.543444114962301744e-02,6.293866254556739648e+00,6.082614481561734010e+00,6.241234132929484701e+00,6.307188627749155785e+00,6.321532963888138568e+00
8.050000000000000711e+00,2.504133109180377455e-10,2.549034112934914220e-02,2.849461075468617474e-02,6.263550213433013880e+00,6.036255185957465130e+00,6.189906526566772982e+00,6.254068269586163353e+00,6.268561626633776029e+00
8.099999999999999645e+00,2.495576928912400134e-10,2.843144295004202543e-02,3.191708286187729809e-02,6.234172995116061600e+00,5.990887318176760346e+00,6.139036808166991932e+00,6.201055500666747378e+00,6.215295961063986852e+00
8.150000000000000355e+00,2.486011535307420737e-10,3.170345342546999901e-02,3.574324030386896028e-02,6.205809788189064591e+00,5.946453576335692048e+00,6.088664041765561308e+00,6.148171807889909246e+00,6.161663825804517103e+00
8.199999999999999289e+00,2.475322627298690149e-10,3.534125434303945351e-02,4.001880350736129049e-02,6.178659449981331875e+00,5.903004634537481365e+00,6.038964841670832584e+00,6.095689375876503391e+00,6.108118844918784873e+00
8.250000000000000000e+00,2.463384177693394491e-10,3.938621164839486988e-02,4.479418334947946750e-02,6.152850671795789594e+00,5.860494568290945949e+00,5.989936645915477698e+00,6.043618377258511032e+00,6.054636117412250940e+00
8.300000000000000711e+00,2.450057549632487542e-10,4.388235298667279155e-02,5.012483457384210583e-02,6.128586832539376417e+00,5.819108270285340723e+00,5.941869297084153345e+00,5.992259005286868501e+00,6.001457695446937635e+00
8.349999999999999645e+00,2.435190635825228549e-10,4.887671501217434600e-02,5.607160009674573564e-02,6.105933418155700565e+00,5.778797664519657928e+00,5.894651667361159753e+00,5.941313160318657083e+00,5.947831199458612161e+00
8.400000000000000355e+00,2.418617052747975430e-10,5.442061578341204908e-02,6.270103332764712101e-02,6.084850288286631326e+00,5.739342034178349650e+00,5.848017609891051904e+00,5.890382859125807613e+00,5.892970747977166468e+00
8.449999999999999289e+00,2.400155431829837069e-10,6.056430118618173764e-02,7.008568169490254907e-02,6.065531217308219425e+00,5.701088945705805600e+00,5.802642074736411359e+00,5.840886252642562226e+00,5.840003288724531672e+00
8.500000000000000000e+00,2.379608861563782161e-10,6.736803508045829947e-02,7.830430980132437047e-02,6.048031340817288992e+00,5.664023918094684973e+00,5.758391002341667786e+00,5.792875597290866097e+00,5.789633717567539861e+00
8.550000000000000711e+00,2.356764548730180917e-10,7.490197633291713342e-02,8.744203493476489231e-02,6.032412638148095141e+00,5.628145745957112922e+00,5.714982288500749519e+00,5.745532585483765331e+00,5.739941269444102545e+00
8.599999999999999645e+00,2.331393783700703941e-10,8.323575164157509532e-02,9.759034094655562319e-02,6.018758231060992614e+00,5.593688351613465670e+00,5.672702156034688414e+00,5.699111688475994697e+00,5.691121891368879915e+00
8.650000000000000355e+00,2.303252314205991766e-10,9.244108162240335935e-02,1.088469287444405048e-01,6.007093723473381885e+00,5.560812216620583115e+00,5.631607835695838560e+00,5.653608784022594591e+00,5.643084777572681787e+00
8.699999999999999289e+00,2.272081253932823048e-10,1.025913405087439251e-01,1.213153528537080361e-01,5.997516848807080692e+00,5.529777876638291900e+00,5.591772605771588189e+00,5.609021773122428556e+00,5.595759698141137051e+00
8.750000000000000000e+00,2.237608676529421003e-10,1.137648230720752912e-01,1.351043838150688681e-01,5.990163889420337284e+00,5.500887388045768489e+00,5.553420789421309678e+00,5.565555158564492899e+00,5.549347778167486922e+00
8.800000000000000711e+00,2.199552071302682169e-10,1.260397399437132582e-01,1.503270259057643832e-01,5.985164214201574850e+00,5.474349296030631251e+00,5.516678895317781439e+00,5.523317093313458770e+00,5.503960512837551278e+00
8.849999999999999645e+00,2.157621862772687393e-10,1.394965742779109008e-01,1.670991093177623954e-01,5.982701872542875776e+00,5.450280283060685349e+00,5.481391509192278022e+00,5.482018559238653665e+00,5.459204827687088368e+00
8.900000000000000355e+00,2.111526220195388758e-10,1.542132337233878270e-01,1.855373663486817037e-01,5.983018716020417571e+00,5.428971781357674331e+00,5.447654106637763505e+00,5.441637509724657207e+00,5.414920660517836382e+00
8.949999999999999289e+00,2.060977401999068375e-10,1.702637532139514021e-01,2.057568936272099192e-01,5.986324335078322179e+00,5.410814873940395842e+00,5.415866853722626217e+00,5.402703262611311175e+00,5.371806300446770877e+00
9.000000000000000000e+00,2.005699889267371030e-10,1.877164978026071573e-01,2.278678987198888006e-01,5.992827852333796557e+00,5.396126461231382621e+00,5.386335326750050001e+00,5.365555506866179769e+00,5.330273204906070816e+00
9.050000000000000711e+00,1.945440555733363334e-10,2.066284026451457867e-01,2.519716321334918852e-01,6.002824540275291554e+00,5.385203901008168259e+00,5.359201142595125589e+00,5.330078932216544274e+00,5.289884876344054021e+00
9.099999999999999645e+00,1.879981091074822308e-10,2.270479180701117095e-01,2.781554179969083496e-01,6.016482934936860261e+00,5.377380674758775569e+00,5.332402795300666298e+00,5.293381102941779659e+00,5.247122395638911030e+00
9.150000000000000355e+00,1.809152829386136390e-10,2.489923698660097273e-01,3.064867226723827498e-01,6.033786473783329996e+00,5.371009925932312967e+00,5.302127572510791254e+00,5.250649052996351429e+00,5.196600197556215051e+00
9.199999999999999289e+00,1.732854023344478094e-10,2.723676487134323310e-01,3.370062450890459749e-01,6.056752387161239426e+00,5.371568088712145084e+00,5.279011372741145180e+00,5.214777107358933961e+00,5.151980907863332959e+00
9.250000000000000000e+00,1.651069433197060679e-10,2.971625980518207699e-01,3.697200811480129135e-01,6.086680735913020612e+00,5.382446958620306532e+00,5.269629229203388832e+00,5.193947147349696536e+00,5.122423229000929723e+00
9.300000000000000711e+00,1.563891854602325689e-10,3.234244204832714686e-01,4.045911125859070201e-01,6.122764340445385756e+00,5.400077044568774909e+00,5.267353141987406673e+00,5.180785095243322758e+00,5.100853345115574200e+00
9.349999999999999645e+00,1.471544879179176624e-10,3.510566351115410044e-01,4.415299027551666811e-01,6.165481945616505755e+00,5.424230699151799229e+00,5.271203401370151198e+00,5.173825507112056243e+00,5.085573832929554783e+00
9.400000000000000355e+00,1.374405761051079685e-10,3.799210778831895174e-01,4.803855500064053707e-01,6.215503414575096031e+00,5.454902985318327069e+00,5.280455202379044977e+00,5.171694984718676835e+00,5.074498131421798064e+00
9.449999999999999289e+00,1.273026757989526239e-10,4.098121894864102943e-01,5.209371512310267960e-01,6.273692518908561055e+00,5.492654163083109609e+00,5.295558807265365431e+00,5.174614609291552370e+00,5.067311392421878224e+00
9.500000000000000000e+00,1.168152752095685441e-10,4.404739974463092733e-01,5.628867535885631046e-01,6.340874791332218763e+00,5.538584495579904399e+00,5.318167498067140286e+00,5.184589575795378380e+00,5.066489513876568651e+00
9.550000000000000711e+00,1.060732384925130013e-10,4.716230961542550171e-01,6.058549004567852503e-01,6.417703655791093809e+00,5.593529084206352309e+00,5.349682078918441164e+00,5.203886736311311267e+00,5.075505569367066983e+00
9.599999999999999645e+00,9.519194543142918124e-11,5.029149770366868610e-01,6.493800727011205254e-01,6.504966292935513650e+00,5.657567041808846398e+00,5.389513807583924176e+00,5.231745570276558510e+00,5.093619242940469860e+00
9.650000000000000355e+00,8.430610458665875068e-11,5.339297899289677796e-01,6.929234360802022374e-01,6.603664481518478624e+00,5.731040467544261219e+00,5.437262116296324166e+00,5.267099003093278498e+00,5.118972327235340458e+00
9.699999999999999289e+00,7.356689833775075945e-11,5.642025000507234767e-01,7.358802610758342633e-01,6.714925173469950437e+00,5.814728068943438188e+00,5.493564144101391378e+00,5.310471434435946492e+00,5.151943112484431708e+00
9.750000000000000000e+00,6.313718791330471860e-11,5.932440504043401397e-01,7.775991027736184336e-01,6.840040128279191833e+00,5.909765346737934522e+00,5.559619006760762261e+00,5.363177008127792078e+00,5.194064910439713856e+00
9.800000000000000711e+00,5.318465402657716673e-11,6.205702407392313935e-01,8.174092383205285861e-01,6.980163201405048312e+00,6.016846369783046100e+00,5.636009195167140717e+00,5.425816687662475601e+00,5.246022235694098867e+00
9.849999999999999645e+00,4.387298684368174552e-11,6.457147047671734086e-01,8.546559070521102530e-01,7.136387231157293343e+00,6.136597124651281376e+00,5.723346090979276823e+00,5.499177814046348090e+00,5.308718375366190401e+00
9.900000000000000355e+00,3.535156528442600004e-11,6.682637231754747775e-01,8.887415932891332693e-01,7.309618215613035375e+00,6.269297384581825838e+00,5.821753674569400516e+00,5.583388034542707601e+00,5.382221806840007616e+00
9.949999999999999289e+00,2.774445255983759687e-11,6.878920287607339645e-01,9.191700441874868233e-01,7.500076462846102743e+00,6.414180429553624663e+00,5.930179881458705893e+00,5.677203871580225325e+00,5.465025437556214172e+00
1.000000000000000000e+01,2.113992130325980954e-11,7.043897248724253490e-01,9.455881692137979577e-01,7.707028017656426755e+00,6.569848139832224376e+00,6.047450792342047521e+00,5.779705476098790484e+00,5.556449442453782694e+00
1.005000000000000071e+01,1.558201122099811278e-11,7.176833798394216535e-01,9.678198095428447445e-01,7.929356966819497643e+00,6.734648456829354757e+00,6.172325937152990605e+00,5.889895274094293143e+00,5.655666630644198278e+00
1.009999999999999964e+01,1.106569440365651271e-11,7.278457651088114932e-01,9.858850768122112695e-01,8.165450064877717296e+00,6.904299246604381324e+00,6.299306279073519477e+00,6.001451759661271979e+00,5.755595737485798224e+00
1.015000000000000036e+01,7.536963606709309492e-12,7.350541892499373731e-01,1.000000000000000000e+00,8.414050213747806595e+00,7.076861810420076893e+00,6.426894743302270285e+00,6.112830307301130972e+00,5.854479118162231543e+00
