# log_age,instantaneous_sfr,integrated_stellar_mass,integrated_formed_mass,u,g,r,i,z
5.500000000000000000e+00,1.647515972210659420e-10,5.194215929542653860e-05,5.210020635179414458e-05,1.167344383372813610e+01,1.201435867304084582e+01,1.251453285762848822e+01,1.287035259356822081e+01,1.318215489068101220e+01
5.549999999999999822e+00,1.647506890745610814e-10,5.827968225020435194e-05,5.845723188579991537e-05,1.154817442022623197e+01,1.188909486753421163e+01,1.238926602355678597e+01,1.274509226417892904e+01,1.305689925145588859e+01
5.599999999999999645e+00,1.647496701233828061e-10,6.539004382048697536e-05,6.558989013372863296e-05,1.142230153991317820e+01,1.176324408103733532e+01,1.226340797077051548e+01,1.261925484653880858e+01,1.293107720977215536e+01
5.650000000000000355e+00,1.647485268488590925e-10,7.336726103043499634e-05,7.359281179960753996e-05,1.129588713344220707e+01,1.163686088078200243e+01,1.213701007796859699e+01,1.249288913594909900e+01,1.280473567270807678e+01
5.700000000000000178e+00,1.647472440831900827e-10,8.231681840638720442e-05,8.257217148289732129e-05,1.116894083880725219e+01,1.150995259365856072e+01,1.201007861082297268e+01,1.236600108554239341e+01,1.267787983460424073e+01
5.750000000000000000e+00,1.647458048083271317e-10,9.235732681197812482e-05,9.264709552351583729e-05,1.104131440670317232e+01,1.138238165616416353e+01,1.188247905445576436e+01,1.223845979628622871e+01,1.255038162444906646e+01
5.799999999999999822e+00,1.647441899303389264e-10,1.036216248812259899e-04,1.039512414408954558e-04,1.091293220900239902e+01,1.125407421917294215e+01,1.175413658422142760e+01,1.211019089242614655e+01,1.242216715816584127e+01
5.849999999999999645e+00,1.647423780262792250e-10,1.162583466512673400e-04,1.166345698589073173e-04,1.078379386949254126e+01,1.112502565251085684e+01,1.162504356138391159e+01,1.198118634231109070e+01,1.229322715780743636e+01
5.900000000000000355e+00,1.647403450602103250e-10,1.304345049890365271e-04,1.308653323411854163e-04,1.065367119551365249e+01,1.099501906923298833e+01,1.149498315514441060e+01,1.185123143721772010e+01,1.216335004631889660e+01
5.950000000000000178e+00,1.647380640646298298e-10,1.463372607247213724e-04,1.468323014045896881e-04,1.052237399251046668e+01,1.086387064808761238e+01,1.136376778259564446e+01,1.172013532512971778e+01,1.203234441220337914e+01
6.000000000000000000e+00,1.647355047830925908e-10,1.641764040490820424e-04,1.647472721651657571e-04,1.038977452991660755e+01,1.073145792987264713e+01,1.123126966833878271e+01,1.158776567888698139e+01,1.190007494578110681e+01
6.049999999999999822e+00,1.647326332693107472e-10,1.841875377032058711e-04,1.848478686381222608e-04,1.025557276768645920e+01,1.059749745324560877e+01,1.109720137730675305e+01,1.145383106213549240e+01,1.176624877162976901e+01
6.099999999999999645e+00,1.647294114374430015e-10,2.066336079535476238e-04,2.074006917124019832e-04,1.011963722526438403e+01,1.046185928883820537e+01,1.096142319428823697e+01,1.131818311517778142e+01,1.163070916058968152e+01
6.150000000000000355e+00,1.647257965576451663e-10,2.318096992944434804e-04,2.327048502972068039e-04,9.981570478675934055e+00,1.032415744196202212e+01,1.082353798951869095e+01,1.118041053641726990e+01,1.149303617702690872e+01
6.200000000000000178e+00,1.647217406902374214e-10,2.600463818165884341e-04,2.610959221513806257e-04,9.840773651280585455e+00,1.018380647862613841e+01,1.068294288909096679e+01,1.103987180734463891e+01,1.135257256663414438e+01
6.250000000000000000e+00,1.647171900510421047e-10,2.917122455998054278e-04,2.929503965186994858e-04,9.696944499299242182e+00,1.004048894577676521e+01,1.053930990044922567e+01,1.089620299989602614e+01,1.120894109682528494e+01
6.299999999999999822e+00,1.647120842995483953e-10,3.272146330214516512e-04,3.286906569747019341e-04,9.548115094346535159e+00,9.892062380512996356e+00,1.039032422426424773e+01,1.074708980506883194e+01,1.105978569042401460e+01
6.349999999999999645e+00,1.647063557405572653e-10,3.669968067711724589e-04,3.687905699127244597e-04,9.391206927252937930e+00,9.735107171235661383e+00,1.023227211989455299e+01,1.058892057540225551e+01,1.090145603651950523e+01
6.400000000000000355e+00,1.646999284288358082e-10,4.115978620376609630e-04,4.137817519629037838e-04,9.223781053028901056e+00,9.567314568193623359e+00,1.006300084501930314e+01,1.041964608551600691e+01,1.073196553743029114e+01
6.450000000000000178e+00,1.646927171650569508e-10,4.615042168394065700e-04,4.642605984146496779e-04,9.043653048874446654e+00,9.384752016403410835e+00,9.878588252263227787e+00,1.023535240862033646e+01,1.054692610213702153e+01
6.500000000000000000e+00,1.646846263698970383e-10,5.173917947113714378e-04,5.208961645342824335e-04,8.838993253580667897e+00,9.174918564332635640e+00,9.665141897666082116e+00,1.002145810919473945e+01,1.033147620738420613e+01
6.549999999999999822e+00,1.646755488215975141e-10,5.800502605876225841e-04,5.844390026308225001e-04,8.628524931805351628e+00,8.948783840354195718e+00,9.430731440757092798e+00,9.782468141845185983e+00,1.008754601664476525e+01
6.599999999999999645e+00,1.646653642405508924e-10,6.500894430211772140e-04,6.557310699572191631e-04,8.446576670307287316e+00,8.743490819475972842e+00,9.213733638444708163e+00,9.556764794665703278e+00,9.852499519124805261e+00
6.650000000000000355e+00,1.646539377025187680e-10,7.283625350337132737e-04,7.357168361819484180e-04,8.291670236861271803e+00,8.564829300150400115e+00,9.024648930478079478e+00,9.359245174984806681e+00,9.645383546040086742e+00
6.700000000000000178e+00,1.646411178599193402e-10,8.159071115866131521e-04,8.254557343781189754e-04,8.153479598036831533e+00,8.402118594795751960e+00,8.852424880379267336e+00,9.179146027965131793e+00,9.456340761382023175e+00
6.750000000000000000e+00,1.646267349482003087e-10,9.138033098492032939e-04,9.261361164111038850e-04,8.032685013509819782e+00,8.248788189705834384e+00,8.681963942500857456e+00,8.993546750707778870e+00,9.252539759854215617e+00
6.799999999999999822e+00,1.646105985516230048e-10,1.023155116170562087e-03,1.039090892452440833e-03,7.926671605326035319e+00,8.093398735587435056e+00,8.494219789389816810e+00,8.779363625891306810e+00,9.005858949582879802e+00
6.849999999999999645e+00,1.645924950997899540e-10,1.145195111460040743e-03,1.165815055283618996e-03,7.837067024734686527e+00,7.955704098363028720e+00,8.306624659220901208e+00,8.550804665754796474e+00,8.735477059422287027e+00
6.900000000000000355e+00,1.645721850629315339e-10,1.281396451190619555e-03,1.307985313292630344e-03,7.759417776693993574e+00,7.841798812494559456e+00,8.146131445988558539e+00,8.352501149157944837e+00,8.502506385248651100e+00
6.950000000000000178e+00,1.645493998102848397e-10,1.433421641751129929e-03,1.467482081819417332e-03,7.683724526292678547e+00,7.734648608874593378e+00,8.012316149068738014e+00,8.197280438085094545e+00,8.325595102324868435e+00
7.000000000000000000e+00,1.645238380918311584e-10,1.603077012724461736e-03,1.646414110995264969e-03,7.611623306847896231e+00,7.638138999870420776e+00,7.900087155550195916e+00,8.070955174636893048e+00,8.183843941724070703e+00
7.049999999999999822e+00,1.644951620991614420e-10,1.792380700488855391e-03,1.847146059683388037e-03,7.546089954001310218e+00,7.558298938365624053e+00,7.810951559642582254e+00,7.971633179363045940e+00,8.072964374515287034e+00
7.099999999999999645e+00,1.644629930562892876e-10,2.003692599443233392e-03,2.072329359788443754e-03,7.486276723825959323e+00,7.489218792236705724e+00,7.736053767966687644e+00,7.888644704694968368e+00,7.980221112414788820e+00
7.150000000000000355e+00,1.644269062857885803e-10,2.239638111797763714e-03,2.324936753293336232e-03,7.429886245236964726e+00,7.423865354252129123e+00,7.665313779634153946e+00,7.809930310872090331e+00,7.891948929263350010e+00
7.200000000000000178e+00,1.643864256896713078e-10,2.503045777198179694e-03,2.608300926114253890e-03,7.378002428377989474e+00,7.364375412044054769e+00,7.601311363762185636e+00,7.738749412152145624e+00,7.812386949436124439e+00
7.250000000000000000e+00,1.643410175779118646e-10,2.797176671054447863e-03,2.926157708430315255e-03,7.329636110900068502e+00,7.308797875581831249e+00,7.541610831626314848e+00,7.672551691465933743e+00,7.738975545610244922e+00
7.299999999999999822e+00,1.642900837704476143e-10,3.125700728042993867e-03,3.282694360679992446e-03,7.283095678301691578e+00,7.253719504708328714e+00,7.481699626881081144e+00,7.605824914748325227e+00,7.665030775712438071e+00
7.349999999999999645e+00,1.642329538908275625e-10,3.492592374200657532e-03,3.682603518020497596e-03,7.238453060213728918e+00,7.199312022960647539e+00,7.421816385502779667e+00,7.538895544670054960e+00,7.590856495725446962e+00
7.400000000000000355e+00,1.641688767614460274e-10,3.902256212953703063e-03,4.131143423691226516e-03,7.195749721833642809e+00,7.145792051130605671e+00,7.362238995197742497e+00,7.472085771890050410e+00,7.516800922356061676e+00
7.450000000000000178e+00,1.640970108015034789e-10,4.359632534580160958e-03,4.634205143289009746e-03,7.155107705756812209e+00,7.093512515401691587e+00,7.303321180436419979e+00,7.405755107970335871e+00,7.443242180331345992e+00
7.500000000000000000e+00,1.640164133195260767e-10,4.870216750750582489e-03,5.198387517130906299e-03,7.116758992164271547e+00,7.042988250265317163e+00,7.245505141200752064e+00,7.340303619634383381e+00,7.370586318968761930e+00
7.549999999999999822e+00,1.639260285825288965e-10,5.440194415916439936e-03,5.831080676111197181e-03,7.080313639451098595e+00,6.994897602024444438e+00,7.190868845683908717e+00,7.279170763615454121e+00,7.303642988097230671e+00
7.599999999999999645e+00,1.638246745338442271e-10,6.076667715519630530e-03,6.540559016903911907e-03,7.044550008600495516e+00,6.947807811721183668e+00,7.138577110883140620e+00,7.222115708204029261e+00,7.242715418678635331e+00
7.650000000000000355e+00,1.637110280214366908e-10,6.787441260994453440e-03,7.336084603756569573e-03,7.008788201827101716e+00,6.899902031850920991e+00,7.085912045950102822e+00,7.165549964455323106e+00,7.183314306553917561e+00
7.700000000000000178e+00,1.635836083884454963e-10,7.581003454081656177e-03,8.228022034694941131e-03,6.973124021618055224e+00,6.851366967588049306e+00,7.033058201811904553e+00,7.109560907212824077e+00,7.125376459154367126e+00
7.750000000000000000e+00,1.634407592680808728e-10,8.466816639713461295e-03,9.227965877247303744e-03,6.937732663616671402e+00,6.802615104876458929e+00,6.980527722303698113e+00,7.054651547336739270e+00,7.069343230930563493e+00
7.799999999999999822e+00,1.632806284163329573e-10,9.455540940104615807e-03,1.034888183948270805e-02,6.902823404181354761e+00,6.753745151322448237e+00,6.928172824660819629e+00,7.000434448715033398e+00,7.014589409359743399e+00
7.849999999999999645e+00,1.631011454088547937e-10,1.055902085971019769e-02,1.160526289182987024e-02,6.868542451242277025e+00,6.704655942492500742e+00,6.875471684100666891e+00,6.946053246492127187e+00,6.959963299155013772e+00
7.900000000000000355e+00,1.628999970236883259e-10,1.179036250309861700e-02,1.301330158799524073e-02,6.835009923736024007e+00,6.655861489879221438e+00,6.822985431420121927e+00,6.892069273546042041e+00,6.906021747487585571e+00
7.950000000000000178e+00,1.626746001302866963e-10,1.316437113389111804e-02,1.459107984180657049e-02,6.802189116983910822e+00,6.607485620284805350e+00,6.770709334237395183e+00,6.838364770875394072e+00,6.852550333038102792e+00
8.000000000000000000e+00,1.624220719089336963e-10,1.469735945660028374e-02,1.635877739127753958e-02,6.770006352777862446e+00,6.559418292054459698e+00,6.718239839378391309e+00,6.784322942209684015e+00,6.798740690395078445e+00
8.050000000000000711e+00,1.621391972349362159e-10,1.640718429510065746e-02,1.833890010925982167e-02,6.738560400044249832e+00,6.512034761367509361e+00,6.665916804192356437e+00,6.730214282264036285e+00,6.744776273797782551e+00
8.099999999999999645e+00,1.618223930811051318e-10,1.831383482381141597e-02,2.055652918607757743e-02,6.707911686913810456e+00,6.465513541344407145e+00,6.613930645233139671e+00,6.676096503684185279e+00,6.690404318038062570e+00
8.150000000000000355e+00,1.614676698228501453e-10,2.043845431196581602e-02,2.303959199386238291e-02,6.678117224675453656e+00,6.419782102418125191e+00,6.562305598218515001e+00,6.621977102118584924e+00,6.635540102636305448e+00
8.199999999999999289e+00,1.610705893761963304e-10,2.280490889966095558e-02,2.581915512043900240e-02,6.649353900219153957e+00,6.374873005127838610e+00,6.511200239325773964e+00,6.568110126746127264e+00,6.580618197693056004e+00
8.250000000000000000e+00,1.606262201645121433e-10,2.544159233750576191e-02,2.892973960222834651e-02,6.621726377064504732e+00,6.330721342308876842e+00,6.460593823625508492e+00,6.514488225531543719e+00,6.525597305019303462e+00
8.300000000000000711e+00,1.601290890000383650e-10,2.837907253429559906e-02,3.240965775354492928e-02,6.595409568044800608e+00,6.287487529097141703e+00,6.410751777073805613e+00,6.461388013066049041e+00,6.470697600301129171e+00
8.349999999999999645e+00,1.595731300878812534e-10,3.165042313378139266e-02,3.630137013864456752e-02,6.570439154228012058e+00,6.245099887818739148e+00,6.361541767082435683e+00,6.408494077360671781e+00,6.415157468577326938e+00
8.400000000000000355e+00,1.589516315207713511e-10,3.529217392469070902e-02,4.065186010841396330e-02,6.546743353658655451e+00,6.203314196326417118e+00,6.312676401178116237e+00,6.355390942762788598e+00,6.358182341505560942e+00
8.449999999999999289e+00,1.582571798418554281e-10,3.934104797656332725e-02,4.551302186082554352e-02,6.524476004666297513e+00,6.162441851023380934e+00,6.264790384538414969e+00,6.303444799641148677e+00,6.302819049790372219e+00
8.500000000000000000e+00,1.574816035209814429e-10,4.384124949186705283e-02,5.094205610694332170e-02,6.503650453498728723e+00,6.122435260576139626e+00,6.217720588262025672e+00,6.252675652769049464e+00,6.249727260384993599e+00
8.550000000000000711e+00,1.566159165299505453e-10,4.884465410206523944e-02,5.700186504415964694e-02,6.484281887941925504e+00,6.083256095538494890e+00,6.171156057738407696e+00,6.202247947313772158e+00,6.196990236518971074e+00
8.599999999999999645e+00,1.556502636283210717e-10,5.440442849149199761e-02,6.376143535556588748e-02,6.466400910906045851e+00,6.045091285905350276e+00,6.125338155937690487e+00,6.152373821419708122e+00,6.144763592247436179e+00
8.650000000000000355e+00,1.545738694993241580e-10,6.057706526180065693e-02,7.129619425854423487e-02,6.449976842586139014e+00,6.008050635228300962e+00,6.080280250622969618e+00,6.103009067813758293e+00,6.092919717346156006e+00
8.699999999999999289e+00,1.533749945220606294e-10,6.742251193731191306e-02,7.968831909938894897e-02,6.435042797862749353e+00,5.972334791131729048e+00,6.036007040457249673e+00,6.054108058629800837e+00,6.041348295951394221e+00
8.750000000000000000e+00,1.520409007483401173e-10,7.500676452476931488e-02,8.902697551543262144e-02,6.421662211403315723e+00,5.938176999462712047e+00,5.992683792307808233e+00,6.005820369426835725e+00,5.990197522378132078e+00
8.800000000000000711e+00,1.505578325859577213e-10,8.339924933276610108e-02,9.940845265210931925e-02,6.409884475603035980e+00,5.905712861982173933e+00,5.950376141316667145e+00,5.958198076232747553e+00,5.939524793595467145e+00
8.849999999999999645e+00,1.489110177870323595e-10,9.267500232081220257e-02,1.109361562445868726e-01,6.399802954596772508e+00,5.874982733418718794e+00,5.908875405789117963e+00,5.910909429798650194e+00,5.888901239289026535e+00
8.900000000000000355e+00,1.470846956055734725e-10,1.029123538220993866e-01,1.237204115147990668e-01,6.391556413883030530e+00,5.846184982866581947e+00,5.868208533553271877e+00,5.863875870086161513e+00,5.838120394908010269e+00
8.949999999999999289e+00,1.450621804164026745e-10,1.141929471460386425e-01,1.378780178389946709e-01,6.385243693090224326e+00,5.819601810199742431e+00,5.828684631066032296e+00,5.817536147195667695e+00,5.787785148637084376e+00
9.000000000000000000e+00,1.428259706534081892e-10,1.266015662953509091e-01,1.535314861799561004e-01,6.380953662706978946e+00,5.795434208913313512e+00,5.790515191474050027e+00,5.772141984783552005e+00,5.738219075330718510e+00
9.050000000000000711e+00,1.403579145772074505e-10,1.402234517559254601e-01,1.708078787133613385e-01,6.378844772027122190e+00,5.773854073724031366e+00,5.753751618817581459e+00,5.727514268418474330e+00,5.688947657209666886e+00
9.099999999999999645e+00,1.376394460302731101e-10,1.551472669035939556e-01,1.898371585419016405e-01,6.378951260349452923e+00,5.754146088310278628e+00,5.716423745322174454e+00,5.680924123724537367e+00,5.636666739206127374e+00
9.150000000000000355e+00,1.346519048379071374e-10,1.714516381160122727e-01,2.107499468884632965e-01,6.381137428360119657e+00,5.734725834304896352e+00,5.675009984574614919e+00,5.627940298688585585e+00,5.576421440348212855e+00
9.199999999999999289e+00,1.313769576520778610e-10,1.891541837445870344e-01,2.336745771892683454e-01,6.387046360108541876e+00,5.720384425657179861e+00,5.639044325474174002e+00,5.580198770874744696e+00,5.520584369659886192e+00
9.250000000000000000e+00,1.277971355081130568e-10,2.083358045321436758e-01,2.587333321970219924e-01,6.397644283212599703e+00,5.713955758966172027e+00,5.614271107573713948e+00,5.544940593615919511e+00,5.477320462296148662e+00
9.300000000000000711e+00,1.238965037580343467e-10,2.291276272882720455e-01,2.860377544475729561e-01,6.412054492901646086e+00,5.712097513187842424e+00,5.594590624678147606e+00,5.515370699066842519e+00,5.440094544486072436e+00
9.349999999999999645e+00,1.196614778192087077e-10,2.515808026389938501e-01,3.156829360193523781e-01,6.430517692061670232e+00,5.714456198382507068e+00,5.579008466073702266e+00,5.490066706271321095e+00,5.407279123057861625e+00
9.400000000000000355e+00,1.150817936597336522e-10,2.757304039858806122e-01,3.477407251356777751e-01,6.453426858352358408e+00,5.720888533605119619e+00,5.566790734644278871e+00,5.467737252099581724e+00,5.376967275373438326e+00
9.449999999999999289e+00,1.101516343364705407e-10,3.015765699354775453e-01,3.822518403985196156e-01,6.481322171175079916e+00,5.731737779357374052e+00,5.558232821279432301e+00,5.448502761021153162e+00,5.348839777031031417e+00
9.500000000000000000e+00,1.048709023314343782e-10,3.290913713565079002e-01,4.192169644337727097e-01,6.514706707907642169e+00,5.747781956433158257e+00,5.554614259947477706e+00,5.433960838857011311e+00,5.324915611198363763e+00
9.550000000000000711e+00,9.924661103228348434e-11,3.582282964912633649e-01,4.585870035278291068e-01,6.553959270247702307e+00,5.769588281219789394e+00,5.556990138088082176e+00,5.425886100863998251e+00,5.307976823123837562e+00
9.599999999999999645e+00,9.329434678206308962e-11,3.888935183521374794e-01,5.002528532793717453e-01,6.599583471772128007e+00,5.797172239299285934e+00,5.564863847137687003e+00,5.423632206267015476e+00,5.297382286548469210e+00
9.650000000000000355e+00,8.703972522223917768e-11,4.209260946531782621e-01,5.440352041981391107e-01,6.652269318853029745e+00,5.830814289250113802e+00,5.577970703551336840e+00,5.426401862780771523e+00,5.291692305781275252e+00
9.699999999999999289e+00,8.051973271038166053e-11,4.541043446721525489e-01,5.896751517811417154e-01,6.712831484447548291e+00,5.871179203257305801e+00,5.596908413014880068e+00,5.434709750765371439e+00,5.291308254899234953e+00
9.750000000000000000e+00,7.378380722790952948e-11,4.881445475764883968e-01,6.368266301584466493e-01,6.782243584055329677e+00,5.919238751134791698e+00,5.622730760178519915e+00,5.449696971139417201e+00,5.297532561299007625e+00
9.800000000000000711e+00,6.689447706043365461e-11,5.227036770568014301e-01,6.850519413307779582e-01,6.861468255316566456e+00,5.975757115885109272e+00,5.656136887945919511e+00,5.472066064433192878e+00,5.311117905043921894e+00
9.849999999999999645e+00,5.992734567090718811e-11,5.573721659220787217e-01,7.338218610574631651e-01,6.951541759180408064e+00,6.041565615378495124e+00,5.697928243906147827e+00,5.502711614237654203e+00,5.333015881694883831e+00
9.900000000000000355e+00,5.297019635784614832e-11,5.916823218647229154e-01,7.825219062488903976e-01,7.053556851578008491e+00,6.117457797146556686e+00,5.748745157618088797e+00,5.542238938523993852e+00,5.363765348518164444e+00
9.949999999999999289e+00,4.612100184065209625e-11,6.251231288929787189e-01,8.304662678692488198e-01,7.168464004234529341e+00,6.203821187885026234e+00,5.808648849833211614e+00,5.590507124920620186e+00,5.402992655895801022e+00
1.000000000000000000e+01,3.948467472495945393e-11,6.571569742971079542e-01,8.769205576790973788e-01,7.297060434819130137e+00,6.300972945940081615e+00,5.877844395317907811e+00,5.647776837115621618e+00,5.451040781481424347e+00
1.005000000000000071e+01,3.316849691702878772e-11,6.872442255930518717e-01,9.211338023346118398e-01,7.440328791265208963e+00,6.409331085692855368e+00,5.956637119397569791e+00,5.714376998096064142e+00,5.508263196413651031e+00
1.009999999999999964e+01,2.727632662925943735e-11,7.148730502651290397e-01,9.623789943489974297e-01,7.599421412668448284e+00,6.528268965871625085e+00,6.043200469014372800e+00,5.787817230949244163e+00,5.571579994357804821e+00
1.015000000000000036e+01,2.190189725054477097e-11,7.395692763850213458e-01,1.000000000000000000e+00,7.775909537235200730e+00,6.658210272428412679e+00,6.137564097530088247e+00,5.867902519776855286e+00,5.640529888825795979e+00
