# log_age,instantaneous_sfr,integrated_stellar_mass,integrated_formed_mass,u,g,r,i,z
5.500000000000000000e+00,1.321878151970546329e-10,4.167531084726218616e-05,4.180211844039962923e-05,1.191254671364963258e+01,1.225346155296234230e+01,1.275363573754998470e+01,1.310945547348970308e+01,1.342125777060250869e+01
5.549999999999999822e+00,1.321873051431155581e-10,4.676020240749401748e-05,4.690265783115182802e-05,1.178727640435336355e+01,1.212819685162180861e+01,1.262836800766574186e+01,1.298419424824202650e+01,1.329600123548593871e+01
5.599999999999999645e+00,1.321867328555261907e-10,5.246518860871443476e-05,5.262553372499379189e-05,1.166140252335254957e+01,1.200234506427018033e+01,1.250250895407804563e+01,1.285835582964622148e+01,1.317017819273132773e+01
5.650000000000000355e+00,1.321860907412392767e-10,5.886570752995167290e-05,5.904667659396805712e-05,1.153498699798829819e+01,1.187596074487844078e+01,1.237610994225882166e+01,1.273198899978529397e+01,1.304383553620510128e+01
5.700000000000000178e+00,1.321853702808728612e-10,6.604639930006351103e-05,6.625128025806404307e-05,1.140803945193454183e+01,1.174905120601957975e+01,1.224917722357888294e+01,1.260509969747672443e+01,1.291697844592702893e+01
5.750000000000000000e+00,1.321845619157208545e-10,7.410243736788477782e-05,7.433493177801762789e-05,1.128041162146789134e+01,1.162147886964943666e+01,1.212157626859982429e+01,1.247755700907264753e+01,1.278947883622795700e+01
5.799999999999999822e+00,1.321836549209875521e-10,8.314041263497522725e-05,8.340487911107849212e-05,1.115202786165314564e+01,1.149316986978585931e+01,1.199323223584140408e+01,1.234928654195405073e+01,1.266126280614293620e+01
5.849999999999999645e+00,1.321826372635676538e-10,9.327959174096732832e-05,9.358145331014023596e-05,1.102288777658029773e+01,1.136411955658146411e+01,1.186413746694855575e+01,1.222028024482662545e+01,1.253232105807682473e+01
5.900000000000000355e+00,1.321814954424893793e-10,1.046539904923962888e-04,1.049996640927925730e-04,1.089276315519303751e+01,1.123411102447990118e+01,1.173407511252732149e+01,1.209032339030495251e+01,1.240244199623924715e+01
5.950000000000000178e+00,1.321802143099100247e-10,1.174137941238831840e-04,1.178109898862245153e-04,1.076146378179596752e+01,1.110296043093754292e+01,1.160285756846966621e+01,1.195922510519006465e+01,1.227143418793339436e+01
6.000000000000000000e+00,1.321787768702957158e-10,1.317273492458685203e-04,1.321853860294444898e-04,1.062886190178653578e+01,1.097054529252062594e+01,1.147035703527404849e+01,1.182685303825933687e+01,1.213916229943355773e+01
6.049999999999999822e+00,1.321771640551308839e-10,1.477837191348278767e-04,1.483135376779151724e-04,1.049465745202014944e+01,1.083658212434278312e+01,1.133628605446661908e+01,1.169291572980522176e+01,1.200533343196440228e+01
6.099999999999999645e+00,1.321753544701800545e-10,1.657939137260296158e-04,1.664093871859453184e-04,1.035871892290783336e+01,1.070094096781100035e+01,1.120050488190876337e+01,1.155726479137547358e+01,1.186979082777688888e+01
6.150000000000000355e+00,1.321733241119637301e-10,1.859947386315270170e-04,1.867129693493121739e-04,1.022064886591473964e+01,1.056323580318226618e+01,1.106261636317272945e+01,1.141948889708127979e+01,1.173211452715626280e+01
6.200000000000000178e+00,1.321710460497052221e-10,2.086514834478637374e-04,2.094935919344847130e-04,1.007984838350820667e+01,1.042288117496996591e+01,1.092201760350924644e+01,1.127894650875750671e+01,1.159164725662442663e+01
6.250000000000000000e+00,1.321684900685529955e-10,2.340599584426481666e-04,2.350534034568093440e-04,9.936015200883758780e+00,1.027955959931946239e+01,1.077838058009473343e+01,1.113527366937310603e+01,1.144801175511093305e+01
6.299999999999999822e+00,1.321656222693747660e-10,2.625470861863434544e-04,2.637313952391998344e-04,9.787181418808231115e+00,1.013112864878995367e+01,1.062939053569250802e+01,1.098615611227470623e+01,1.129885198947673075e+01
6.349999999999999645e+00,1.321624046198513373e-10,2.944686344097806091e-04,2.959078904731527728e-04,9.630268606886993155e+00,9.974168804619360174e+00,1.047133383463202705e+01,1.082798229105103616e+01,1.114051775157237500e+01
6.400000000000000355e+00,1.321587944509628442e-10,3.302572921191975711e-04,3.320095793581434628e-04,9.462837887173364493e+00,9.806371378695232011e+00,1.030205778956998586e+01,1.065870303087115190e+01,1.097102249164985466e+01
6.450000000000000178e+00,1.321547438922461566e-10,3.703035232259561547e-04,3.725151665250364566e-04,9.282704900177392915e+00,9.623803967010644556e+00,1.011764040409602217e+01,1.047440455540694160e+01,1.078597829257900997e+01
6.500000000000000000e+00,1.321501992384083118e-10,4.151498871285424119e-04,4.179617049035320346e-04,9.078040565307851750e+00,9.413966222413968410e+00,9.904189906602859139e+00,1.026050613779712251e+01,1.057052435057873652e+01
6.549999999999999822e+00,1.321451002389871542e-10,4.654302661204860205e-04,4.689516991150744288e-04,8.867566958920249931e+00,9.187827025631861488e+00,9.669775360776867501e+00,1.002151232906146561e+01,1.032659056365139350e+01
6.599999999999999645e+00,1.321393793017563200e-10,5.216343303870097292e-04,5.261610714235907078e-04,8.685610595370519604e+00,8.982527117529869543e+00,9.452771228769641709e+00,9.795803108078104060e+00,1.009153866086292339e+01
6.650000000000000355e+00,1.321329605994577540e-10,5.844471062130280475e-04,5.903480944089616392e-04,8.530693190430270079e+00,8.803855921154493558e+00,9.263677326091176667e+00,9.598274718621105706e+00,9.884414384571279300e+00
6.700000000000000178e+00,1.321257590682026713e-10,6.547016790635556494e-04,6.623634069599428640e-04,8.392489118340719756e+00,8.641133243964503663e+00,9.091441772884849115e+00,9.418164480773427272e+00,9.695360956359650118e+00
6.750000000000000000e+00,1.321176792844932261e-10,7.332654378049905915e-04,7.431612440545224633e-04,8.271678147856889041e+00,8.487788855135462995e+00,8.920968050676755468e+00,9.232553478546044801e+00,9.491549457634917530e+00
6.799999999999999822e+00,1.321086142062712226e-10,8.210250978732624126e-04,8.338120262741660757e-04,8.165645172893036374e+00,8.332384249098133466e+00,8.733211444383854882e+00,9.018359937067373266e+00,9.244860564694995730e+00
6.849999999999999645e+00,1.320984437616739835e-10,9.189707885098697760e-04,9.355164722468190756e-04,8.076016961482800127e+00,8.194670687790221564e+00,8.545602132434019893e+00,8.789790237787805438e+00,8.974470853586467456e+00
6.900000000000000355e+00,1.320870332672560518e-10,1.028285959541952064e-03,1.049621416426084084e-03,7.998339974650136242e+00,8.080741507538725443e+00,8.385089667659947565e+00,8.591470588972683231e+00,8.741486224937645488e+00
6.950000000000000178e+00,1.320742316552999086e-10,1.150306360049570265e-03,1.177637535987610239e-03,7.922615812432837856e+00,7.973564064280132868e+00,8.251249465284914208e+00,8.436226464668358460e+00,8.564552751329138403e+00
7.000000000000000000e+00,1.320598694874609756e-10,1.286483604191509698e-03,1.321259214376825511e-03,7.850479686434283622e+00,7.877022535859993013e+00,8.138989670785406361e+00,8.309871345924463526e+00,8.422772682758491669e+00
7.049999999999999822e+00,1.320437567293577297e-10,1.438439834143085891e-03,1.482386795409500234e-03,7.784906082272115668e+00,7.797143730130230210e+00,8.049815826974644040e+00,8.210511924191706612e+00,8.311856606498238875e+00
7.099999999999999645e+00,1.320256802577936516e-10,1.608072135091131961e-03,1.663151511050155835e-03,7.725046645187973127e+00,7.728018226640671173e+00,7.974872864520108351e+00,8.127479134950853279e+00,8.219070105257799241e+00
7.150000000000000355e+00,1.320054010690656968e-10,1.797491547980779262e-03,1.865943398329675783e-03,7.668603757104492047e+00,7.662613580384132206e+00,7.904082037342639921e+00,8.048715069488196150e+00,8.130749651604475048e+00
7.200000000000000178e+00,1.319826511532408483e-10,2.008973258150847322e-03,2.093442556578302156e-03,7.616659982981857979e+00,7.603064902996528929e+00,7.840021304612292852e+00,7.977477166292267441e+00,8.051132155321120365e+00
7.250000000000000000e+00,1.319571299953480525e-10,2.245140942309569853e-03,2.348654135506061599e-03,7.568225455101973864e+00,7.547420712544536059e+00,7.780254700615770957e+00,7.911214831938970349e+00,7.977657655432267347e+00
7.299999999999999822e+00,1.319285006601059134e-10,2.508948147643700645e-03,2.634947487927391963e-03,7.521608155763743753e+00,7.492268103169685389e+00,7.720270397040195576e+00,7.844416863784445582e+00,7.903643540233652232e+00
7.349999999999999645e+00,1.318963854120648611e-10,2.803595010345104419e-03,2.956099968337965594e-03,7.476878780586531548e+00,7.437777715621358254e+00,7.660306014761481208e+00,7.777408729309435387e+00,7.829392709344688228e+00
7.400000000000000355e+00,1.318603608178643085e-10,3.132629668983090334e-03,3.316345910343484246e-03,7.434077407237019486e+00,7.384164903803714708e+00,7.600638250674137453e+00,7.710511467891919324e+00,7.755252251465691415e+00
7.450000000000000178e+00,1.318199522716725457e-10,3.500033636865086759e-03,3.720431372261249342e-03,7.393324436235360508e+00,7.331781038507052983e+00,7.541619401509287002e+00,7.644083232929745009e+00,7.681598965411794211e+00
7.500000000000000000e+00,1.317746278787785266e-10,3.910238297048122987e-03,4.173675301201341600e-03,7.354849869093257553e+00,7.281139012670408306e+00,7.483689940187822742e+00,7.578522485716135293e+00,7.608837342796199721e+00
7.549999999999999822e+00,1.317237916257432208e-10,4.368234358341964961e-03,4.682037831554433822e-03,7.318262098748895994e+00,7.232914728225054546e+00,7.428924317682707112e+00,7.517264140552761376e+00,7.541771493932891701e+00
7.599999999999999645e+00,1.316667757585034790e-10,4.879755006163432988e-03,5.252196503951984084e-03,7.282338612405006018e+00,7.185674799873396523e+00,7.376486070654721061e+00,7.460065412657215234e+00,7.480702070524387182e+00
7.650000000000000355e+00,1.316028322823909014e-10,5.451105827415143705e-03,5.891631265077817807e-03,7.246398139309675912e+00,7.137602348239241223e+00,7.323657981053031563e+00,7.403339021540375597e+00,7.421141454579547769e+00
7.700000000000000178e+00,1.315311234902376817e-10,6.089152040456059962e-03,6.608719186609752702e-03,7.210534052355228596e+00,7.088881896733163046e+00,7.270622367004591524e+00,7.347170073187527350e+00,7.363024158073770309e+00
7.750000000000000000e+00,1.314507114166871146e-10,6.801554043068067795e-03,7.412839922115473448e-03,7.174918663312723766e+00,7.039923088076164959e+00,7.217888325817611417e+00,7.292058395932883741e+00,7.306788241105223847e+00
7.799999999999999822e+00,1.313605461086449949e-10,7.596950452320476964e-03,8.314493002536692268e-03,7.139757891333317730e+00,6.990821892244106550e+00,7.165305663550483928e+00,7.237614346902503826e+00,7.251806425992249672e+00
7.849999999999999645e+00,1.312594525937000066e-10,8.484951691811749505e-03,9.325428151986576292e-03,7.105194225113351081e+00,6.941474395468077319e+00,7.112350536282285418e+00,7.182979980231600337e+00,7.196925739688140311e+00
7.900000000000000355e+00,1.311461164205758089e-10,9.476207292687039915e-03,1.045878988322862871e-02,7.071343599388100642e+00,6.892390235360316808e+00,7.059579729687250449e+00,7.128712259570832543e+00,7.142698572986390104e+00
7.950000000000000178e+00,1.310190676386273394e-10,1.058276370483531015e-02,1.172927770271342540e-02,7.038164980847774643e+00,6.843689135383584699e+00,7.006984856801082628e+00,7.074690002155342938e+00,7.088907186680685868e+00
8.000000000000000000e+00,1.308766630775509071e-10,1.181791889563341483e-02,1.315332331347748157e-02,7.005579944347509525e+00,6.795256970334811797e+00,6.954159245651680976e+00,7.020293828521054991e+00,7.034741012908298785e+00
8.050000000000000711e+00,1.307170667844879226e-10,1.319626211421379494e-02,1.474928624410759732e-02,6.973681408522850234e+00,6.747463004022733912e+00,6.901437272676147927e+00,6.965789083869466936e+00,6.980378614134657766e+00
8.099999999999999645e+00,1.305382284744086127e-10,1.473415880983845044e-02,1.653766934490057822e-02,6.942523323136562396e+00,6.700479515549197629e+00,6.849003570956014642e+00,6.911228330415539745e+00,6.925563178983026091e+00
8.150000000000000355e+00,1.303378598521498065e-10,1.644898176628858261e-02,1.854135556748867653e-02,6.912155390797806831e+00,6.654227834765521266e+00,6.796876392948071555e+00,6.856613413083536557e+00,6.870204897800469723e+00
8.199999999999999289e+00,1.301134086721294388e-10,1.836038917298325746e-02,2.078586736769217486e-02,6.882745667888535479e+00,6.608733217047316089e+00,6.745207037568562214e+00,6.802191064074470717e+00,6.814730657299172378e+00
8.250000000000000000e+00,1.298620304163297218e-10,2.049179839671291456e-02,2.329964992568952370e-02,6.854389152684930764e+00,6.563923082858671876e+00,6.693967403143155082e+00,6.747946835309434732e+00,6.759092510477799465e+00
8.300000000000000711e+00,1.295805574948270793e-10,2.286852912741459826e-02,2.611437914071595631e-02,6.827249311144989008e+00,6.519947967455308913e+00,6.643413056966245733e+00,6.694147813996544016e+00,6.703501780314866210e+00
8.349999999999999645e+00,1.292654659087057203e-10,2.551810715117400902e-02,2.926529500192959557e-02,6.801349818796431634e+00,6.476726625439980012e+00,6.593403046017215274e+00,6.640471510025570012e+00,6.647192975801978321e+00
8.400000000000000355e+00,1.289128393660212572e-10,2.847107433140220675e-02,3.279156042877386795e-02,6.776606126156956122e+00,6.434005262504967959e+00,6.543641298181718469e+00,6.586495253637416170e+00,6.589367822256562590e+00
8.449999999999999289e+00,1.285183309117662325e-10,3.175842779662033794e-02,3.673664497132431150e-02,6.753155980968081451e+00,6.392080633991767513e+00,6.494746259191572335e+00,6.533564334958796849e+00,6.533041099709485877e+00
8.500000000000000000e+00,1.280771222276137557e-10,3.541753619327302899e-02,4.114873181284920550e-02,6.730995853729147882e+00,6.350891650096023966e+00,6.446542892858126095e+00,6.481685590169696809e+00,6.478854168344597042e+00
8.550000000000000711e+00,1.275838808827209352e-10,3.949238843084448836e-02,4.608114526177727738e-02,6.710122016399509448e+00,6.310384813109045865e+00,6.398708336688152087e+00,6.430016142606433505e+00,6.424891385918016340e+00
8.599999999999999645e+00,1.270327159803672984e-10,4.402858116474601957e-02,5.159279428531347855e-02,6.690543815197997901e+00,6.270727885624360454e+00,6.351465612312182429e+00,6.378750781083503796e+00,6.371291805864608193e+00
8.650000000000000355e+00,1.264171328553009407e-10,4.907508389607812688e-02,5.774862553597726739e-02,6.672207722806383856e+00,6.232009923347668234e+00,6.304810002598507879e+00,6.327828695626443789e+00,6.317912506459769872e+00
8.699999999999999289e+00,1.257299877433351435e-10,5.468449981080134026e-02,6.462007665563541947e-02,6.655120599916209301e+00,6.194407045205778672e+00,6.258746088184061307e+00,6.277186117694576240e+00,6.264626383521090247e+00
8.750000000000000000e+00,1.249634436793087182e-10,6.091534326602983385e-02,7.228551729589938191e-02,6.639316234276698481e+00,6.158124271963231422e+00,6.213414689376598687e+00,6.226949784829720613e+00,6.211559573813133284e+00
8.800000000000000711e+00,1.241089292945363920e-10,6.783017419627349054e-02,8.083066114362261190e-02,6.624811368710581405e+00,6.123267108296325034e+00,6.168855998941836560e+00,6.177148193956718103e+00,6.158746667816636489e+00
8.849999999999999645e+00,1.231571026937356084e-10,7.549762723410344267e-02,9.034892715163050925e-02,6.611662276384443260e+00,6.089844161598335859e+00,6.124838491839604160e+00,6.127430852661511551e+00,6.105742760703286365e+00
8.900000000000000355e+00,1.220978232077485181e-10,8.399089446394546188e-02,1.009417220115015473e-01,6.599965483353635420e+00,6.058015142452589430e+00,6.081359865292711220e+00,6.077694610706203093e+00,6.052320737656415872e+00
8.949999999999999289e+00,1.209201345549134878e-10,9.338813129615278208e-02,1.127186085398518139e-01,6.589774177607054639e+00,6.028016965733947075e+00,6.038690667704209147e+00,6.028339836746013702e+00,5.999043238830481073e+00
9.000000000000000000e+00,1.196122638108092691e-10,1.037727908924133691e-01,1.257973159808938313e-01,6.581127339084268613e+00,6.000002002472015761e+00,5.997001959248422054e+00,5.979580165415271154e+00,5.946195785956504665e+00
9.050000000000000711e+00,1.181616415882525359e-10,1.152320032675012151e-01,1.403035382064614089e-01,6.574126452135573118e+00,5.974089044793096548e+00,5.956305289122440172e+00,5.931206787970332073e+00,5.893284131799930492e+00
9.099999999999999645e+00,1.165549499629372957e-10,1.278595820709174657e-01,1.563704544596136448e-01,6.568748689289158449e+00,5.949537572715506428e+00,5.914658554727907358e+00,5.880546760930954520e+00,5.837079894845210504e+00
9.150000000000000355e+00,1.147782059270166283e-10,1.417459197292336437e-01,1.741378948188204434e-01,6.564805449220592948e+00,5.924777994266079872e+00,5.868642146144189553e+00,5.823306195205297797e+00,5.772784942795610164e+00
9.199999999999999289e+00,1.128168894742958363e-10,1.569376948082694956e-01,1.937510593460281816e-01,6.563791379087312805e+00,5.904334608508250426e+00,5.827364359503832247e+00,5.770635139805008862e+00,5.712273399201443169e+00
9.250000000000000000e+00,1.106561267475665678e-10,1.735381682092785871e-01,2.153586866133209710e-01,6.566538147826996408e+00,5.890821395079932188e+00,5.796243935074954834e+00,5.729405477409997616e+00,5.663319791896476829e+00
9.300000000000000711e+00,1.082809399005543043e-10,1.916983250876101996e-01,2.391105550834436155e-01,6.572128676135569947e+00,5.880965743927482947e+00,5.769364605546655866e+00,5.693025755822276324e+00,5.619577911407276360e+00
9.349999999999999645e+00,1.056765762784553393e-10,2.115130572200638881e-01,2.651541913044333509e-01,6.580698325536303628e+00,5.874348290508649484e+00,5.745706812737964242e+00,5.660070338494243458e+00,5.579427431525353143e+00
9.400000000000000355e+00,1.028289299660212022e-10,2.330731448868673672e-01,2.936306544287745068e-01,6.592516769491254536e+00,5.870750042171145822e+00,5.724508025890933993e+00,5.629253628660826791e+00,5.541004079748105937e+00
9.449999999999999289e+00,9.972506836808128198e-11,2.564507109524941098e-01,3.246692704081737824e-01,6.607979494132131038e+00,5.870403952592234020e+00,5.705975239542979693e+00,5.600628037474429277e+00,5.503956800935149829e+00
9.500000000000000000e+00,9.635387485160884170e-11,2.817049928102646206e-01,3.583812055728981538e-01,6.627438658912623737e+00,5.873933565310501592e+00,5.691214458838047108e+00,5.575605840829837234e+00,5.470101980679793030e+00
9.550000000000000711e+00,9.270681506118946980e-11,3.088899595794696307e-01,3.948518034770919782e-01,6.651129035785402266e+00,5.881761195187863223e+00,5.681108574388908039e+00,5.555737894439381819e+00,5.441926918541433622e+00
9.599999999999999645e+00,8.877882869096429432e-11,3.380306669751302340e-01,4.341316671793437054e-01,6.679394685290915845e+00,5.893813984607071177e+00,5.675129906950886038e+00,5.540357433836717860e+00,5.418766780917081860e+00
9.650000000000000355e+00,8.456933955643718430e-11,3.691054938679114716e-01,4.762265585246148181e-01,6.712740975694778456e+00,5.910266844928457886e+00,5.672981426393128856e+00,5.528686222290609464e+00,5.399257500263274778e+00
9.699999999999999289e+00,8.008336405925097278e-11,4.020481964901079230e-01,5.210863134964769383e-01,6.751777794160545909e+00,5.931640381103292725e+00,5.675149633270898164e+00,5.521143414552952322e+00,5.383720915743609226e+00
9.750000000000000000e+00,7.533268100141639476e-11,4.367422935262113004e-01,5.685931440748227539e-01,6.797247053180385024e+00,5.958721626643509239e+00,5.682521216097427441e+00,5.518700545016912429e+00,5.373275707051043071e+00
9.800000000000000711e+00,7.033700392853883490e-11,4.730169608047014029e-01,6.185499148035983330e-01,6.849884320780631697e+00,5.992131426590034948e+00,5.695687260395274620e+00,5.521957407173772481e+00,5.368568027554474043e+00
9.849999999999999645e+00,6.512507111824065115e-11,5.106328983572629987e-01,6.706692429065801431e-01,6.910494987614470119e+00,6.032562440042426033e+00,5.715337718043123516e+00,5.531684623153957148e+00,5.370416075622728158e+00
9.900000000000000355e+00,5.973553931930450742e-11,5.492784803566667096e-01,7.245645608959415673e-01,6.979952094445877719e+00,6.080713331262749932e+00,5.742067182278148607e+00,5.548448247016473545e+00,5.379329408761449827e+00
9.949999999999999289e+00,5.421753815772774440e-11,5.885694350430408228e-01,7.797445725117090332e-01,7.059059290784112761e+00,6.137012736276432179e+00,5.776047046678861818e+00,5.572244361440503724e+00,5.395102203611223501e+00
1.000000000000000000e+01,4.863071739836351193e-11,6.280487352167206661e-01,8.356127801053515602e-01,7.148579258420745930e+00,6.201925363743328035e+00,5.817648668904432441e+00,5.603476053979143501e+00,5.418194419014980667e+00
1.005000000000000071e+01,4.304460579879069132e-11,6.671929429638063791e-01,8.914738961010798546e-01,7.249502792395304596e+00,6.276090312829659013e+00,5.867401347113016641e+00,5.642670687429330201e+00,5.449137773767887438e+00
1.009999999999999964e+01,3.753710703624059620e-11,7.054242952059990301e-01,9.465488837265807476e-01,7.363056722585689329e+00,6.359540583606005271e+00,5.924376212957753296e+00,5.688347608126804289e+00,5.485958259734481146e+00
1.015000000000000036e+01,3.219199540889865628e-11,7.421106404244467436e-01,1.000000000000000000e+00,7.490864319848832054e+00,6.453174806234578398e+00,5.989096149581115469e+00,5.740813513595711015e+00,5.528722825134643415e+00
