# log_age,instantaneous_sfr,integrated_stellar_mass,integrated_formed_mass,u,g,r,i,z
5.500000000000000000e+00,3.363314609928959146e-10,1.060402980509059039e-04,1.063629522722671806e-04,1.089856648383400994e+01,1.123948132314671966e+01,1.173965550773436206e+01,1.209547524367408045e+01,1.240727754078687894e+01
5.549999999999999822e+00,3.363271351677051022e-10,1.189779602830638375e-04,1.193404278445334078e-04,1.077330105158247875e+01,1.111422149906604062e+01,1.161439265499380724e+01,1.197021889581959897e+01,1.228202588324342059e+01
5.599999999999999645e+00,3.363222815782462941e-10,1.334932116344006957e-04,1.339011962210633685e-04,1.064743261869826085e+01,1.098837516074036103e+01,1.148853905014156851e+01,1.184438592679938296e+01,1.215620829069157338e+01
5.650000000000000355e+00,3.363168358446878871e-10,1.497779389103715963e-04,1.502383968961633624e-04,1.052102318501015077e+01,1.086199693434818414e+01,1.136214613067329537e+01,1.171802519067170323e+01,1.202987172893800505e+01
5.700000000000000178e+00,3.363107257361108947e-10,1.680474262753078570e-04,1.685687226273783351e-04,1.039408245209337167e+01,1.073509421035065259e+01,1.123522022575956925e+01,1.159114270413100911e+01,1.190302145591127214e+01
5.750000000000000000e+00,3.363038702136798187e-10,1.885437381609853533e-04,1.891352899204490551e-04,1.026646223481675690e+01,1.060752948996442058e+01,1.110762688532766163e+01,1.146360763319255227e+01,1.177552946583359983e+01
5.799999999999999822e+00,3.362961783573623118e-10,2.115379632498260712e-04,2.122108588729707391e-04,1.013808697967398587e+01,1.047922899890193804e+01,1.097929135947416768e+01,1.133534567697760309e+01,1.164732194961016631e+01
5.849999999999999645e+00,3.362875481620612152e-10,2.373334090339767461e-04,2.381014447763088037e-04,1.000895639801586157e+01,1.035018819444424309e+01,1.085020609667672176e+01,1.120634889115616772e+01,1.151838971663589462e+01
5.900000000000000355e+00,3.362778651873253406e-10,2.662708686716070685e-04,2.671503689839050777e-04,9.878842378928354151e+00,1.022019027234777866e+01,1.072015434876551865e+01,1.107640264993121093e+01,1.138852127310776297e+01
5.950000000000000178e+00,3.362670010428930757e-10,2.987322234768245146e-04,2.997428022806590932e-04,9.747554821840822115e+00,1.008905150601960088e+01,1.058894862708743290e+01,1.094531619545971068e+01,1.125752530177894073e+01
6.000000000000000000e+00,3.362548116901911995e-10,3.351454971770097572e-04,3.363108603862553889e-04,9.614966102884658028e+00,9.956649543826713966e+00,1.045646126323826763e+01,1.081295730739923044e+01,1.112526659971506859e+01
6.049999999999999822e+00,3.362411355375255976e-10,3.759913398608068680e-04,3.773393183831896315e-04,9.480776284729017789e+00,9.822701029116970517e+00,1.032240492623272843e+01,1.067903465323970380e+01,1.099145239533427088e+01
6.099999999999999645e+00,3.362257913040335868e-10,4.218061350598502324e-04,4.233720188591539690e-04,9.344854015809644920e+00,9.687076162364633092e+00,1.018664002937993729e+01,1.054340000103763941e+01,1.085592608649614021e+01
6.150000000000000355e+00,3.362085756244888758e-10,4.731917652008098100e-04,4.750190574934287191e-04,9.206801981303073035e+00,9.549389060227802872e+00,1.004876955252272808e+01,1.040564215715431828e+01,1.071826784458438908e+01
6.200000000000000178e+00,3.361892603637229642e-10,5.308224161442572043e-04,5.329648397909720345e-04,9.066021397344286470e+00,9.409054384174545760e+00,9.908190714307586688e+00,1.026511969036191374e+01,1.057782050041781474e+01
6.250000000000000000e+00,3.361675896057175422e-10,5.954497145683731790e-04,5.979771138074227660e-04,8.922210158008212488e+00,9.265754818006072924e+00,9.764575656664717940e+00,1.012146880130179483e+01,1.043420694796918724e+01
6.299999999999999822e+00,3.361432762782788540e-10,6.679041769659838394e-04,6.709170961234686009e-04,8.773400205288716336e+00,9.117347741163015939e+00,9.615609393127641624e+00,9.972374992693808338e+00,1.028507091428216569e+01
6.349999999999999645e+00,3.361159983696005328e-10,7.490893708185049002e-04,7.527508221582534251e-04,8.616512679753483894e+00,8.960413129282841282e+00,9.457577716361242892e+00,9.814226167813316692e+00,1.012676163157370723e+01
6.400000000000000355e+00,3.360853946878800272e-10,8.401041565384775390e-04,8.445618673199099770e-04,8.449108338276246855e+00,8.792641958499721966e+00,9.288327639538628944e+00,9.644972876455760513e+00,9.957292288965263083e+00
6.450000000000000178e+00,3.360510601094509975e-10,9.419394023829683439e-04,9.475656026068789324e-04,8.269002476760554998e+00,8.610101002882771581e+00,9.103936344397773439e+00,9.460700523180449295e+00,9.772274022659090065e+00
6.500000000000000000e+00,3.360125402545509822e-10,1.055972317003321670e-03,1.063125167307015298e-03,8.064362853025755840e+00,8.400286624333972441e+00,8.890508398298266002e+00,9.246824522414883063e+00,9.556842111284382213e+00
6.549999999999999822e+00,3.359693255228082574e-10,1.183811595222412048e-03,1.192769362535114766e-03,7.853918013647074758e+00,8.174171774584962691e+00,8.656116109440070261e+00,9.007851622925279855e+00,9.312927898607995303e+00
6.599999999999999645e+00,3.359208444127454553e-10,1.326697914190392170e-03,1.338212692723651743e-03,7.672005756286964129e+00,7.968909358550519073e+00,8.439146434092847926e+00,8.782174376498851132e+00,9.077905419454474156e+00
6.650000000000000355e+00,3.358664560409798414e-10,1.486367710098811723e-03,1.501377808020408315e-03,7.517148079185396625e+00,7.790290842507111790e+00,8.250102585806381228e+00,8.584693727949698427e+00,8.870826343937679326e+00
6.700000000000000178e+00,3.358054417673012148e-10,1.664932458337924949e-03,1.684420629056301898e-03,7.379017136362371332e+00,7.627633337984015327e+00,8.077929653466760840e+00,8.404643866437965016e+00,8.681830857036374027e+00
6.750000000000000000e+00,3.357369958213435860e-10,1.864588786831457333e-03,1.889758466929090290e-03,7.258295369041128708e+00,7.474365073123472314e+00,7.907525524932758287e+00,8.219096690116245441e+00,8.478076499566071789e+00
6.799999999999999822e+00,3.356602148150846873e-10,2.087579851681834429e-03,2.120101485705856281e-03,7.152368912575866489e+00,7.319042947513672459e+00,7.719836705253626974e+00,8.004959847350839652e+00,8.231431598106965453e+00
6.849999999999999645e+00,3.355740860128394499e-10,2.336408660042269426e-03,2.378487892441582315e-03,7.062869343640301167e+00,7.181432401653879083e+00,7.532304588108956978e+00,7.776448599489988567e+00,7.961084451507993265e+00
6.900000000000000355e+00,3.354774742167115916e-10,2.614065994655196800e-03,2.668323280825100809e-03,6.985343361179118915e+00,7.067633294380250675e+00,7.371896918035730550e+00,7.578216763384247656e+00,7.728175781061132454e+00
6.950000000000000178e+00,3.353691071105954785e-10,2.923924967682630261e-03,2.993424599173444972e-03,6.909787472027872468e+00,6.960604130946556722e+00,7.238192289252580736e+00,7.423100090561014497e+00,7.551363105139841991e+00
7.000000000000000000e+00,3.352475588897607596e-10,3.269647011062240625e-03,3.358069261677636575e-03,6.837841360580839023e+00,6.864236354775606230e+00,7.126100161134132804e+00,7.296907491846972960e+00,7.409740401045588953e+00
7.049999999999999822e+00,3.351112319858228808e-10,3.655319350291955788e-03,3.767049973491349343e-03,6.772486862529063956e+00,6.784568453407203492e+00,7.037134523241995510e+00,7.197751805720500329e+00,7.299023067262240261e+00
7.099999999999999645e+00,3.349583366785531313e-10,4.085718616318158303e-03,4.225735895300601445e-03,6.712878946567400362e+00,6.715689850365194502e+00,6.962437449391302380e+00,7.114960245093783442e+00,7.206471940588549785e+00
7.150000000000000355e+00,3.347868683666349493e-10,4.566153029682375360e-03,4.740140831055064501e-03,6.656721335474010459e+00,6.650563944874697597e+00,6.891923355334952817e+00,7.036466558901253165e+00,7.118414238318663934e+00
7.200000000000000178e+00,3.345945822493041718e-10,5.102332479034092996e-03,5.316999183047439390e-03,6.605103916598686453e+00,6.591334972795614533e+00,6.828180053953786910e+00,6.965538942339989603e+00,7.039098927549851226e+00
7.250000000000000000e+00,3.343789651501186278e-10,5.700833572267710418e-03,5.963850480604164679e-03,6.557040657723952393e+00,6.536053579752511666e+00,6.768773081063095276e+00,6.899628299988457059e+00,6.965967857400784169e+00
7.299999999999999822e+00,3.341372041932966099e-10,6.369047090593983780e-03,6.689133351070021029e-03,6.510841728346711932e+00,6.481305028576798577e+00,6.709186631990405658e+00,6.833217800259973274e+00,6.892331159067047963e+00
7.349999999999999645e+00,3.338661520227310345e-10,7.114959805356953562e-03,7.502289862766904453e-03,6.466584536285004958e+00,6.427265847112472841e+00,6.649663845487424396e+00,6.766638319865855067e+00,6.818496929842439158e+00
7.400000000000000355e+00,3.335622882347251251e-10,7.947404693726125083e-03,8.413881226784521508e-03,6.424316705681420103e+00,6.374158276894412722e+00,6.590487891012308808e+00,6.700217155157517368e+00,6.744818388571388823e+00
7.450000000000000178e+00,3.332216766787875889e-10,8.876268326893041807e-03,9.435715894597072537e-03,6.384167568369086609e+00,6.322342145750923237e+00,6.532018825874743584e+00,6.634319840653077449e+00,6.671679539378892798e+00
7.500000000000000000e+00,3.328399182678789539e-10,9.912520497735366129e-03,1.058099112732309964e-02,6.346377889060377697e+00,6.272340905076674744e+00,6.474706511098354156e+00,6.569353562290579873e+00,6.599493338279700083e+00
7.549999999999999822e+00,3.324120989321923304e-10,1.106847738215149118e-02,1.186444913438293620e-02,6.310565111128660476e+00,6.224843752872445179e+00,6.420644542919411890e+00,6.508777968579472883e+00,6.533094064802078549e+00
7.599999999999999645e+00,3.319327323512767855e-10,1.235824804116752648e-02,1.330254887712958335e-02,6.275511445797512522e+00,6.178420676813793477e+00,6.369003397901408903e+00,6.452360883435424910e+00,6.472796393794460812e+00
7.650000000000000355e+00,3.313956971111598959e-10,1.379727729244152427e-02,1.491365459748021129e-02,6.240543058212850269e+00,6.131254915625461877e+00,6.317062134479733970e+00,6.396508384177842288e+00,6.414103462841339365e+00
7.700000000000000178e+00,3.307941679600316970e-10,1.540228357512336138e-02,1.671824205086478929e-02,6.205766510636870237e+00,6.083542825362442841e+00,6.265015182565100815e+00,6.341317886551792071e+00,6.356962240194668823e+00
7.750000000000000000e+00,3.301205408829623850e-10,1.719182106283925066e-02,1.873912328207273312e-02,6.171369770526005993e+00,6.035709477354465946e+00,6.213388178474083645e+00,6.287306501318738583e+00,6.301828680047677267e+00
7.799999999999999822e+00,3.293663517892607301e-10,1.918669877658847611e-02,2.100169056317782376e-02,6.137576981069848614e+00,5.987865674704103469e+00,6.162043979410256611e+00,6.234096522267982721e+00,6.248086670332199333e+00
7.849999999999999645e+00,3.285221887131520232e-10,2.140990583695737484e-02,2.353417979150390638e-02,6.104550812290412409e+00,5.939922376920421243e+00,6.110469626887457650e+00,6.180838498089016753e+00,6.194590078872714400e+00
7.900000000000000355e+00,3.275775975789954065e-10,2.388671091474022651e-02,2.636795319397365958e-02,6.072429895861176874e+00,5.892412942278021148e+00,6.059245468629583797e+00,6.128113086489349826e+00,6.141915467753719327e+00
7.950000000000000178e+00,3.265209817879141854e-10,2.664548246422590583e-02,2.953780056721736977e-02,6.041196650931318857e+00,5.845479299346393987e+00,6.008382866948792866e+00,6.075817592508371945e+00,6.089863008138642897e+00
8.000000000000000000e+00,3.253394961576088268e-10,2.971720652775526605e-02,3.308225745813347940e-02,6.010798349808943897e+00,5.799029374275349369e+00,5.957491921352982445e+00,6.023346479482398763e+00,6.037633894206130947e+00
8.050000000000000711e+00,3.240189361082026582e-10,3.313545094272240393e-02,3.704393760635200927e-02,5.981359595288147091e+00,5.753464869053281916e+00,5.906936639894496466e+00,5.970992908765211382e+00,5.985433093823687045e+00
8.099999999999999645e+00,3.225436234543212832e-10,3.693742837439548815e-02,4.146987556799594521e-02,5.952969396220787246e+00,5.708991754570142518e+00,5.856932869866284364e+00,5.918837186707875730e+00,5.933025490114943068e+00
8.150000000000000355e+00,3.208962907607145457e-10,4.116183004826808045e-02,4.641187364881640270e-02,5.925716984723209180e+00,5.665564449426440774e+00,5.807531079273239527e+00,5.866911547509509717e+00,5.880348582506506716e+00
8.199999999999999289e+00,3.190579669725611304e-10,4.585182615196760347e-02,5.192684501327653190e-02,5.899818200198104989e+00,5.623247567121040902e+00,5.758921757677583741e+00,5.815502124845366438e+00,5.827870661031148813e+00
8.250000000000000000e+00,3.170078679724621327e-10,5.105848247690365077e-02,5.807714201357361966e-02,5.875420286389442026e+00,5.582009749563809464e+00,5.711116277191116808e+00,5.764632507054791688e+00,5.775579354230472973e+00
8.300000000000000711e+00,3.147232968770948259e-10,5.683563332685369340e-02,6.493085529967543290e-02,5.852748610298050380e+00,5.542054705329277908e+00,5.664423241399134668e+00,5.714620987115637263e+00,5.723733474820278389e+00
8.349999999999999645e+00,3.121795603021960705e-10,6.324017726322841981e-02,7.256206502437179129e-02,5.831891628689852780e+00,5.503352397270546703e+00,5.618747669090275565e+00,5.665182548461650924e+00,5.671587373265431609e+00
8.400000000000000355e+00,3.093499085290290947e-10,7.033354426269562698e-02,8.105102034387259846e-02,5.812833531280908517e+00,5.465699964546637091e+00,5.573839484372768993e+00,5.615932321135616689e+00,5.618361347729546651e+00
8.449999999999999289e+00,3.062055095287957638e-10,7.817447627136167587e-02,9.048421734457257060e-02,5.795798858666621811e+00,5.429472670592488726e+00,5.530404533308548309e+00,5.568328577915465871e+00,5.567244646545120190e+00
8.500000000000000000e+00,3.027154691642862423e-10,8.683324704937228633e-02,1.009543384381012127e-01,5.780874842001402669e+00,5.394681146691659990e+00,5.488330664265923531e+00,5.522447987675889181e+00,5.518976802297551387e+00
8.550000000000000711e+00,2.988469125940618146e-10,9.639113149050851370e-02,1.125600081487744819e-01,5.768159344991005355e+00,5.361352257919513420e+00,5.447357288497407524e+00,5.477484597492924934e+00,5.471632624233443210e+00
8.599999999999999645e+00,2.945651449291684522e-10,1.069264038459646349e-01,1.254053111434545176e-01,5.757775697814267346e+00,5.329755537948898336e+00,5.407804517585681481e+00,5.433724757390528737e+00,5.425438355215916886e+00
8.650000000000000355e+00,2.898339124681796825e-10,1.185173108371849332e-01,1.395990085264208480e-01,5.749792420329931986e+00,5.300089674107312021e+00,5.369762334822169692e+00,5.391194089784555388e+00,5.380330331798049315e+00
8.699999999999999289e+00,2.846157892324260301e-10,1.312409892568541792e-01,1.552533782336817936e-01,5.744356450616606935e+00,5.272660318836933868e+00,5.333340065306884981e+00,5.349922511322567686e+00,5.336267602659290787e+00
8.750000000000000000e+00,2.788727168197926809e-10,1.451771290065889675e-01,1.724825954715818732e-01,5.741659405753658518e+00,5.247821251474540816e+00,5.298805871123988709e+00,5.310155051301350682e+00,5.293490225371641600e+00
8.800000000000000711e+00,2.725667284520171305e-10,1.604007732290242960e-01,1.914005605749085070e-01,5.741891129768177393e+00,5.225835384574537557e+00,5.266330822751093876e+00,5.272040565608207885e+00,5.252148817994928720e+00
8.849999999999999645e+00,2.656608900086888345e-10,1.769846816842590431e-01,2.121180759048934827e-01,5.745304044402296029e+00,5.206875625226686566e+00,5.235797017709842294e+00,5.235319083616914781e+00,5.211873805763076462e+00
8.900000000000000355e+00,2.581204911246776657e-10,1.949922175802027147e-01,2.347392725569270033e-01,5.752217495553495041e+00,5.191302058496361838e+00,5.207348521797747765e+00,5.200007467427020913e+00,5.172535926393464933e+00
8.949999999999999289e+00,2.499145171428385914e-10,2.144749210502334968e-01,2.593571945024441550e-01,5.762923580376231314e+00,5.179585910834518359e+00,5.181450832104971482e+00,5.166699974213379676e+00,5.134902360439724589e+00
9.000000000000000000e+00,2.410174266609663318e-10,2.354694118670729863e-01,2.860484659480608816e-01,5.777720100487655941e+00,5.172128266589758994e+00,5.158475469667443747e+00,5.135797278952779266e+00,5.099445527302769676e+00
9.050000000000000711e+00,2.314112481212384426e-10,2.579893115075779231e-01,3.148670015672445643e-01,5.797002612754106110e+00,5.169316307257290077e+00,5.138624456346391867e+00,5.107223017751579164e+00,5.065747003333520126e+00
9.099999999999999645e+00,2.210879906631286981e-10,2.820286869669614838e-01,3.458367739415738051e-01,5.821034885390417912e+00,5.170506456098962644e+00,5.119743490637631567e+00,5.077933426882879075e+00,5.030095258481544818e+00
9.150000000000000355e+00,2.100523374879135307e-10,3.075325045353697329e-01,3.789437334672193791e-01,5.849878528795237287e+00,5.173976610955016042e+00,5.097756595806451685e+00,5.042780228626547512e+00,4.986731179504907630e+00
9.199999999999999289e+00,1.983245525788812431e-10,3.342931053185091983e-01,4.141270881943162063e-01,5.885844088818643627e+00,5.185754453290513766e+00,5.084195120099550991e+00,5.015680936657368250e+00,4.950365622768437390e+00
9.250000000000000000e+00,1.859434826204405832e-10,3.622065659090044631e-01,4.512702980696382538e-01,5.930487164865823502e+00,5.209672464657238322e+00,5.086295274827669743e+00,5.005565262593094644e+00,4.930946140182356885e+00
9.300000000000000711e+00,1.729694753183560319e-10,3.912391126406032371e-01,4.901923199758919103e-01,5.983018992352363341e+00,5.241927287106662448e+00,5.096945043064827985e+00,5.004536141682876860e+00,4.920911601256662493e+00
9.349999999999999645e+00,1.594869649579199353e-10,4.211679194893863110e-01,5.306398510572001292e-01,6.044073060460021907e+00,5.282345403617497936e+00,5.115124346808755718e+00,5.011040586330949509e+00,4.918455936668820527e+00
9.400000000000000355e+00,1.456064008730469677e-10,4.517198023692324260e-01,5.722815433118191297e-01,6.114495900075382906e+00,5.330971447975827004e+00,5.140048178621483999e+00,5.023570393666922484e+00,4.921277516081048020e+00
9.449999999999999289e+00,1.314651236327584222e-10,4.825446595042522935e-01,6.147053750326846311e-01,6.195354470261477786e+00,5.388466106856107274e+00,5.172215435935825667e+00,5.042352012762854940e+00,4.928987974130812688e+00
9.500000000000000000e+00,1.172267414654740126e-10,5.132465827375306544e-01,6.574205215345378939e-01,6.287654411175573443e+00,5.456103895497975032e+00,5.213503706832149476e+00,5.069648693806236395e+00,4.944368460447435609e+00
9.550000000000000711e+00,1.030785456315412578e-10,5.434234472511917380e-01,6.998651090363361416e-01,6.392151962572533819e+00,5.534815118622795183e+00,5.265488178244048356e+00,5.108037383038777079e+00,4.971380980317945841e+00
9.599999999999999645e+00,8.922655277701077559e-11,5.726334772531243011e-01,7.414210875999276418e-01,6.509702012353358214e+00,5.624541896117008832e+00,5.327323256837857457e+00,5.156493706519782450e+00,5.009043101811769816e+00
9.650000000000000355e+00,7.588790117121286026e-11,6.003893364615789929e-01,7.814370424173213703e-01,6.641345095493399242e+00,5.725434170253883792e+00,5.398271077434699805e+00,5.213512273769765670e+00,5.054940904476474373e+00
9.699999999999999289e+00,6.328057828413789529e-11,6.262088842638546815e-01,8.192590110785461510e-01,6.788174170359248194e+00,5.838067790890818287e+00,5.478752140319080866e+00,5.279399362158336828e+00,5.109223945847546133e+00
9.750000000000000000e+00,5.161082772151253103e-11,6.496510450539594306e-01,8.542682627664223149e-01,6.951360073627185443e+00,5.963358586745826528e+00,5.569809020974709313e+00,5.355370829138813349e+00,5.173403469063302396e+00
9.800000000000000711e+00,4.105905621177203014e-11,6.703560044700862530e-01,8.859235772956438604e-01,7.131674174697778312e+00,6.101462035360889047e+00,5.671566290424287615e+00,5.441628539083190219e+00,5.247823707561522610e+00
9.849999999999999645e+00,3.176557933558633872e-11,6.880570077745433721e-01,9.138040079242009117e-01,7.329525485277514463e+00,6.252258176425243619e+00,5.784086182174846158e+00,5.538546189995649627e+00,5.333062374955005680e+00
9.900000000000000355e+00,2.381800462655701153e-11,7.026118762774304916e-01,9.376467320512889003e-01,7.544672928016119329e+00,6.414892121640932032e+00,5.906603517631687339e+00,5.645461269612390254e+00,5.428437027393869130e+00
9.949999999999999289e+00,1.724230769955940773e-11,7.140238844776249927e-01,9.573738228322816735e-01,7.775365347699811025e+00,6.586810084760415407e+00,6.036675183275747258e+00,5.759830912295669236e+00,5.531159341681359365e+00
1.000000000000000000e+01,1.199955109901616391e-11,7.224419214865921424e-01,9.731020926339114530e-01,8.017829120343186844e+00,6.764420651823151331e+00,6.171682858302808938e+00,5.879548915131266540e+00,5.639546283163753060e+00
1.005000000000000071e+01,7.989602905974885369e-12,7.281457133316480146e-01,9.851319372130352692e-01,8.267475622951209857e+00,6.944041751626521375e+00,6.309202447351509591e+00,6.002644856520404915e+00,5.751922513276355176e+00
1.009999999999999964e+01,5.062115782270830976e-12,7.315166998290631994e-01,9.939143985841474294e-01,8.519218517350843456e+00,7.118590794815204958e+00,6.441115126343696318e+00,6.119986790981172931e+00,5.858212031016101662e+00
1.015000000000000036e+01,3.033581976986616023e-12,7.329499898815945436e-01,1.000000000000000000e+00,8.769958882211312812e+00,7.286355236589329820e+00,6.566667636309162503e+00,6.230788180710106872e+00,5.957382420710409576e+00
