# log_age,instantaneous_sfr,integrated_stellar_mass,integrated_formed_mass,g,r
5.500000000000000000e+00,6.665803530503337631e-10,2.105075717775731193e-04,2.108134368224065503e-04,1.021590321677454938e+01,1.072623185374299482e+01
5.549999999999999822e+00,6.665632063253094288e-10,2.361865739619909636e-04,2.365335243589200337e-04,1.009099952498002040e+01,1.060132111568675839e+01
5.599999999999999645e+00,6.665439679084850500e-10,2.649928439693283156e-04,2.653911495955605152e-04,9.965970277272205635e+00,1.047627700531888451e+01
5.650000000000000355e+00,6.665223827107985052e-10,2.973062434396560772e-04,2.977689461252929241e-04,9.840852877336480731e+00,1.035113792849460168e+01
5.700000000000000178e+00,6.664981645528049833e-10,3.335491166412881412e-04,3.340961831155771526e-04,9.715875894921410350e+00,1.022612678055605784e+01
5.750000000000000000e+00,6.664709923801841302e-10,3.742025646407663459e-04,3.748544420468751101e-04,9.590725797673535169e+00,1.010093485884429754e+01
5.799999999999999822e+00,6.664405060198273603e-10,4.198020231640128526e-04,4.205839825818960369e-04,9.465419049355553227e+00,9.975580708095634463e+00
5.849999999999999645e+00,6.664063014210564188e-10,4.709523218804159434e-04,4.718908807384845135e-04,9.339699070984082141e+00,9.849811385596680680e+00
5.900000000000000355e+00,6.663679253199150030e-10,5.283323813412734013e-04,5.294550324506029334e-04,9.213331073951351868e+00,9.723394496270124421e+00
5.950000000000000178e+00,6.663248692571083805e-10,5.926950544423478361e-04,5.940391266604674696e-04,9.086569437373547942e+00,9.596589207780709785e+00
6.000000000000000000e+00,6.662765628719342547e-10,6.648890076787846879e-04,6.664987044215917641e-04,8.959342187068259022e+00,9.469322262593493633e+00
6.049999999999999822e+00,6.662223663853952703e-10,7.458627637651051110e-04,7.477934342302832013e-04,8.831575831681057309e+00,9.341509898183005589e+00
6.099999999999999645e+00,6.661615621754804865e-10,8.366807504956630306e-04,8.389997491023710573e-04,8.703216559077468162e+00,9.213097602761152416e+00
6.150000000000000355e+00,6.660933453362685994e-10,9.385542364278862473e-04,9.413250079200564469e-04,8.573707036612304933e+00,9.083532503438220829e+00
6.200000000000000178e+00,6.660168130999030808e-10,1.052828667550733451e-03,1.056123362468418736e-03,8.442755920609755549e+00,8.952518161638622018e+00
6.250000000000000000e+00,6.659309529865238017e-10,1.180988533658214410e-03,1.184913532537392334e-03,8.310450512724216310e+00,8.820128544340377630e+00
6.299999999999999822e+00,6.658346295317649148e-10,1.324717628368742451e-03,1.329398714675679178e-03,8.176456542794930726e+00,8.686026275313210476e+00
6.349999999999999645e+00,6.657265694243192667e-10,1.485928645071409992e-03,1.491488875844076099e-03,8.039485480753391755e+00,8.548935260398565106e+00
6.400000000000000355e+00,6.656053448671977914e-10,1.666765164362329476e-03,1.673325711526345251e-03,7.895366086906037140e+00,8.404717216987535267e+00
6.450000000000000178e+00,6.654693549555349058e-10,1.869544800537998631e-03,1.877310579020594148e-03,7.732577694595853757e+00,8.241416686168363981e+00
6.500000000000000000e+00,6.653168048409857655e-10,2.096712024302894474e-03,2.106135750844434235e-03,7.485168696905880381e+00,7.982530744893544750e+00
6.549999999999999822e+00,6.651456824278035443e-10,2.350458233240885087e-03,2.362819370617739567e-03,7.177924867008663057e+00,7.657560333498565797e+00
6.599999999999999645e+00,6.649537323184833778e-10,2.633015560729612750e-03,2.650744534597950126e-03,6.886901191350403906e+00,7.311449294967161450e+00
6.650000000000000355e+00,6.647384266973277121e-10,2.947742380016963801e-03,2.973702966331368599e-03,6.689556949133411479e+00,7.079555106122739971e+00
6.700000000000000178e+00,6.644969328084110499e-10,3.298689474000807403e-03,3.335943799706548012e-03,6.566667135670989808e+00,6.963210713724087952e+00
6.750000000000000000e+00,6.642260766502213728e-10,3.690014247645350548e-03,3.742228036991000761e-03,6.453138971617775610e+00,6.854744886507496915e+00
6.799999999999999822e+00,6.639223024728462336e-10,4.125057246729174100e-03,4.197889303053778907e-03,6.354631618988335617e+00,6.760502154376041517e+00
6.849999999999999645e+00,6.635816276251762697e-10,4.607915782482555934e-03,4.708901574558760524e-03,6.260550865424079348e+00,6.669683949094697084e+00
6.900000000000000355e+00,6.631995922596047078e-10,5.144467558733698855e-03,5.281954622916035756e-03,6.166240225660466479e+00,6.577801145456369625e+00
6.950000000000000178e+00,6.627712033606643753e-10,5.740616766661770128e-03,5.924537971326448646e-03,6.076298360196759063e+00,6.489712714873796529e+00
7.000000000000000000e+00,6.622908725228139557e-10,6.402782879509257181e-03,6.645034228102139791e-03,5.991714365485279359e+00,6.406213040131142122e+00
7.049999999999999822e+00,6.617523468623150700e-10,7.138009125891430807e-03,7.452822718850411060e-03,5.912020576682806450e+00,6.326694252151462194e+00
7.099999999999999645e+00,6.611486324104394959e-10,7.954025817625637318e-03,8.358394396663722595e-03,5.836272912975182692e+00,6.249670182865749268e+00
7.150000000000000355e+00,6.604719093022399875e-10,8.859307952363656979e-03,9.373479058963064131e-03,5.766104691190385267e+00,6.175759626532979496e+00
7.200000000000000178e+00,6.597134380496581561e-10,9.863482794395753844e-03,1.051118593783579441e-02,5.704665369215184967e+00,6.108783250997504410e+00
7.250000000000000000e+00,6.588634561735265352e-10,1.097830763744173273e-02,1.178615875203335196e-02,5.648924957354793719e+00,6.046795113814333433e+00
7.299999999999999822e+00,6.579110644708437155e-10,1.221670862049199432e-02,1.321474630605745659e-02,5.593978542759650452e+00,5.984888728313137563e+00
7.349999999999999645e+00,6.568441022177260667e-10,1.359223475316834358e-02,1.481518968573403150e-02,5.540661418864573307e+00,5.924456728679999173e+00
7.400000000000000355e+00,6.556490106624663500e-10,1.512026037052264550e-02,1.660782701862351801e-02,5.488726375871479490e+00,5.865287861676513614e+00
7.450000000000000178e+00,6.543106842570627066e-10,1.681753391493585187e-02,1.861531662672902959e-02,5.436591792947034207e+00,5.805372137355938378e+00
7.500000000000000000e+00,6.528123092217491834e-10,1.870208437018828010e-02,2.086287917969935693e-02,5.385122045625450937e+00,5.745549336321836620e+00
7.549999999999999822e+00,6.511351892508742846e-10,2.079367078520748952e-02,2.337855913601158409e-02,5.335117078092039833e+00,5.687042217885675655e+00
7.599999999999999645e+00,6.492585584688535162e-10,2.311467834710875455e-02,2.619350530904284921e-02,5.285306760773167412e+00,5.629104543846125353e+00
7.650000000000000355e+00,6.471593821550889038e-10,2.568927365799869231e-02,2.934226977968968156e-02,5.235361453646675045e+00,5.571377993441885224e+00
7.700000000000000178e+00,6.448121463047844730e-10,2.854331808156124542e-02,3.286312355514645067e-02,5.185412111834210691e+00,5.513983101910945095e+00
7.750000000000000000e+00,6.421886378122016538e-10,3.170527849737800330e-02,3.679838629402054639e-02,5.135711463141184652e+00,5.457257182148659069e+00
7.799999999999999822e+00,6.392577179940638536e-10,3.520614069046836686e-02,4.119476602122734699e-02,5.086170561227319808e+00,5.400920376630978126e+00
7.849999999999999645e+00,6.359850933601815001e-10,3.907940663428800115e-02,4.610370297205072798e-02,5.036937377570211538e+00,5.344950022930831324e+00
7.900000000000000355e+00,6.323330890395811046e-10,4.336207086548681672e-02,5.158170945295150606e-02,4.987938377097378861e+00,5.289031744451875738e+00
7.950000000000000178e+00,6.282604321436317459e-10,4.809421984698086794e-02,5.769069479687548296e-02,4.938616630176341005e+00,5.232308951747150161e+00
8.000000000000000000e+00,6.237220546585530227e-10,5.331770252146159073e-02,6.449826102449354726e-02,4.889379734136525713e+00,5.175349686247876946e+00
8.050000000000000711e+00,6.186689282768943635e-10,5.907784572098972314e-02,7.207795059698149376e-02,4.840240491171506676e+00,5.117250159417061184e+00
8.099999999999999645e+00,6.130479469685434614e-10,6.542329065725757675e-02,8.050942255950783999e-02,4.791168441435750935e+00,5.058000268368985530e+00
8.150000000000000355e+00,6.068018771157894454e-10,7.239728795048444576e-02,8.987852733863889443e-02,4.742345648257270341e+00,4.998509421005486786e+00
8.199999999999999289e+00,5.998693997345011133e-10,8.004713880996081055e-02,1.002772434105713845e-01,4.693888417185853257e+00,4.938630273478580079e+00
8.250000000000000000e+00,5.921852746808240294e-10,8.843666704213594409e-02,1.118034309910869717e-01,4.646315267149226713e+00,4.879397464442043031e+00
8.300000000000000711e+00,5.836806627501215283e-10,9.762887180981179303e-02,1.245603488871407788e-01,4.599846341439452146e+00,4.821442853719560162e+00
8.349999999999999645e+00,5.742836480759468049e-10,1.076688678684477735e-01,1.386558708984029220e-01,4.554849121711711746e+00,4.764727093971210081e+00
8.400000000000000355e+00,5.639200099692822299e-10,1.186272400660431242e-01,1.542013280583995893e-01,4.511296548076828117e+00,4.709287681767150957e+00
8.449999999999999289e+00,5.525142998622005126e-10,1.305758256007781559e-01,1.713098932190223467e-01,4.469235983284114866e+00,4.655813993710594900e+00
8.500000000000000000e+00,5.399912846549684389e-10,1.435540416612611225e-01,1.900944160298703167e-01,4.429494589613788946e+00,4.605527593686929322e+00
8.550000000000000711e+00,5.262778215165740015e-10,1.576124505338943604e-01,2.106646107374620103e-01,4.391954142986335796e+00,4.557878884949474241e+00
8.599999999999999645e+00,5.113052296661271726e-10,1.727920217417361903e-01,2.331234985131323545e-01,4.356393235933396113e+00,4.511948243731900732e+00
8.650000000000000355e+00,4.950122200056902728e-10,1.891172015976614329e-01,2.575630130037876442e-01,4.323879992102938274e+00,4.468804171176593343e+00
8.699999999999999289e+00,4.773484312948668215e-10,2.065768680918147748e-01,2.840586960700227648e-01,4.295463210059523362e+00,4.429670287461952682e+00
8.750000000000000000e+00,4.582785989298008702e-10,2.251714173839153843e-01,3.126634446176217441e-01,4.271430589017747081e+00,4.394573773948913242e+00
8.800000000000000711e+00,4.377873459398384310e-10,2.449115115996397529e-01,3.434003241025653796e-01,4.252689956162917895e+00,4.363867609766366229e+00
8.849999999999999645e+00,4.158845319573322355e-10,2.657432748867943895e-01,3.762545450763247756e-01,4.239900031882612552e+00,4.337902403526740613e+00
8.900000000000000355e+00,3.926110213211910168e-10,2.875728140131357802e-01,4.111648110305365367e-01,4.232894690666896054e+00,4.316498990691265192e+00
8.949999999999999289e+00,3.680446338643241583e-10,3.102485550481083321e-01,4.480143922158367764e-01,4.232198846562368999e+00,4.300320225147558517e+00
9.000000000000000000e+00,3.423059212850882595e-10,3.336126176629736206e-01,4.866224610846907050e-01,4.238068207236047158e+00,4.289513481862961441e+00
9.050000000000000711e+00,3.155632722111051476e-10,3.574976434010515569e-01,5.267364346956653343e-01,4.249500558220972835e+00,4.282333599816809055e+00
9.099999999999999645e+00,2.880367000410270237e-10,3.816284681599759754e-01,5.680262929507824410e-01,4.264358561166439188e+00,4.274442807979909276e+00
9.150000000000000355e+00,2.599995276187619870e-10,4.055192851354514905e-01,6.100820515841799407e-01,4.289005211925569938e+00,4.275065964624040760e+00
9.199999999999999289e+00,2.317770802929489294e-10,4.288649460758432452e-01,6.524157225728995924e-01,4.326681494315984366e+00,4.289945273042334861e+00
9.250000000000000000e+00,2.037414736004346413e-10,4.514461728738271562e-01,6.944691326116710917e-01,4.371992205387570607e+00,4.310839128910714635e+00
9.300000000000000711e+00,1.763016827083847874e-10,4.728445395291826503e-01,7.356288189497458552e-01,4.425576035719423373e+00,4.337706745193969482e+00
9.349999999999999645e+00,1.498883601809035167e-10,4.927272731093196856e-01,7.752488027409677462e-01,4.488875267530588076e+00,4.373040427809300468e+00
9.400000000000000355e+00,1.249333701314842572e-10,5.107410881824275828e-01,8.126812878150966313e-01,4.563623070127370340e+00,4.420015660030593097e+00
9.449999999999999289e+00,1.018447460738168550e-10,5.265889357894888434e-01,8.473142239015978294e-01,4.650495731080191320e+00,4.479718865483036438e+00
9.500000000000000000e+00,8.097871997506366997e-11,5.400490062419167625e-01,8.786132630497275331e-01,4.749681005845893367e+00,4.551675441853554105e+00
9.550000000000000711e+00,6.261149676819349878e-11,5.509701671428598457e-01,9.061640978600328244e-01,4.861955777323622385e+00,4.636065970103331324e+00
9.599999999999999645e+00,4.691435507078405148e-11,5.593151826381024261e-01,9.297098104061469748e-01,4.986560529796136620e+00,4.731650756304539129e+00
9.650000000000000355e+00,3.393615265859041451e-11,5.651507503392165788e-01,9.491771140244374960e-01,5.122454415583312937e+00,4.837086950485215198e+00
9.699999999999999289e+00,2.359708733476076601e-11,5.686717212115551812e-01,9.646857120101819394e-01,5.268742949311594259e+00,4.951718745332023275e+00
9.750000000000000000e+00,1.569636791571823311e-11,5.701698231424255914e-01,9.765367911387456967e-01,5.421414741960290939e+00,5.069093659689102083e+00
9.800000000000000711e+00,9.934258261114837927e-12,5.699891443881796027e-01,9.851799556206508601e-01,5.575513089567543545e+00,5.180432184292925513e+00
9.849999999999999645e+00,5.946084573183492250e-12,5.685660003149904940e-01,9.911622161525477370e-01,5.731064470190176507e+00,5.290783309639465415e+00
9.900000000000000355e+00,3.342937614557867164e-12,5.663192627072389795e-01,9.950669365904862840e-01,5.883851137138897514e+00,5.402392876634905861e+00
9.949999999999999289e+00,1.751895929336956528e-12,5.635673699078085352e-01,9.974534991183175991e-01,6.029656628368606164e+00,5.512714174300533898e+00
1.000000000000000000e+01,8.484915474711954114e-13,5.605628737166240549e-01,9.988086056911161803e-01,6.176903095904378915e+00,5.634725290696223965e+00
1.005000000000000071e+01,3.761559284995760548e-13,5.574972875992437737e-01,9.995171091195736990e-01,6.321865255966088171e+00,5.764058483402010324e+00
1.009999999999999964e+01,1.510016420006806746e-13,5.544980694860816017e-01,9.998548405493221658e-01,6.456772981208992235e+00,5.888993930705339608e+00
1.015000000000000036e+01,5.422867488204001165e-14,5.516461252699519369e-01,1.000000000000000000e+00,6.579652322238914053e+00,6.007067100662716541e+00
