# log_age,instantaneous_sfr,integrated_stellar_mass,integrated_formed_mass,g,r
5.500000000000000000e+00,3.363314609928959146e-10,1.062235469222891170e-04,1.063629522722671806e-04,1.087963243900789934e+01,1.138736860101229809e+01
5.549999999999999822e+00,3.363271351677051022e-10,1.191830986396738085e-04,1.193404278445334078e-04,1.075453805694173326e+01,1.126227280988994295e+01
5.599999999999999645e+00,3.363222815782462941e-10,1.337219626103644955e-04,1.339011962210633685e-04,1.062917828484809490e+01,1.113690774298262909e+01
5.650000000000000355e+00,3.363168358446878871e-10,1.500329689067528196e-04,1.502383968961633624e-04,1.050342950185385860e+01,1.101114854159844469e+01
5.700000000000000178e+00,3.363107257361108947e-10,1.683312600417206581e-04,1.685687226273783351e-04,1.037736911709830423e+01,1.088507270042287445e+01
5.750000000000000000e+00,3.363038702136798187e-10,1.888581792402157958e-04,1.891352899204490551e-04,1.025103567194945242e+01,1.075871892244412464e+01
5.799999999999999822e+00,3.362961783573623118e-10,2.118858763610126296e-04,2.122108588729707391e-04,1.012424653365549432e+01,1.063190262246141060e+01
5.849999999999999645e+00,3.362875481620612152e-10,2.377174989550042404e-04,2.381014447763088037e-04,9.997087152999306170e+00,1.050470914450871618e+01
5.900000000000000355e+00,3.362778651873253406e-10,2.666925392051704906e-04,2.671503689839050777e-04,9.869626559383377185e+00,1.037720720313826916e+01
5.950000000000000178e+00,3.362670010428930757e-10,2.991938447394786775e-04,2.997428022806590932e-04,9.741693030528580266e+00,1.024922518896611479e+01
6.000000000000000000e+00,3.362548116901911995e-10,3.356498890243154662e-04,3.363108603862553889e-04,9.613212237261514304e+00,1.012068981164132708e+01
6.049999999999999822e+00,3.362411355375255976e-10,3.765398923413838979e-04,3.773393183831896315e-04,9.484150069786082327e+00,9.991565196645375124e+00
6.099999999999999645e+00,3.362257913040335868e-10,4.224009641530963042e-04,4.233720188591539690e-04,9.354433356073940331e+00,9.861775973390983552e+00
6.150000000000000355e+00,3.362085756244888758e-10,4.738341825852308603e-04,4.750190574934287191e-04,9.223991520079863449e+00,9.731248618785762972e+00
6.200000000000000178e+00,3.361892603637229642e-10,5.315221499303524055e-04,5.329648397909720345e-04,9.092197534163076966e+00,9.599356961535050914e+00
6.250000000000000000e+00,3.361675896057175422e-10,5.962304201081239634e-04,5.979771138074227660e-04,8.958365897547039935e+00,9.465416920715895799e+00
6.299999999999999822e+00,3.361432762782788540e-10,6.688055562697100545e-04,6.709170961234686009e-04,8.821049605002379224e+00,9.328027387539876258e+00
6.349999999999999645e+00,3.361159983696005328e-10,7.502005052156849544e-04,7.527508221582534251e-04,8.677478259134822736e+00,9.184478993364116661e+00
6.400000000000000355e+00,3.360853946878800272e-10,8.414744366830917465e-04,8.445618673199099770e-04,8.523671504132202870e+00,9.030601337919009097e+00
6.450000000000000178e+00,3.360510601094509975e-10,9.438055888074507477e-04,9.475656026068789324e-04,8.346887794440029040e+00,8.852973009111927638e+00
6.500000000000000000e+00,3.360125402545509822e-10,1.058446867708927493e-03,1.063125167307015298e-03,8.089681391628552376e+00,8.584135281674583950e+00
6.549999999999999822e+00,3.359693255228082574e-10,1.186506954423721845e-03,1.192769362535114766e-03,7.783932614389726723e+00,8.260309287174905535e+00
6.599999999999999645e+00,3.359208444127454553e-10,1.329200909060868031e-03,1.338212692723651743e-03,7.540068621129918824e+00,7.998488055900239146e+00
6.650000000000000355e+00,3.358664560409798414e-10,1.488227562864914569e-03,1.501377808020408315e-03,7.357517649519223824e+00,7.796463939224615558e+00
6.700000000000000178e+00,3.358054417673012148e-10,1.665570440960236539e-03,1.684420629056301898e-03,7.171177911953769524e+00,7.589834162229735171e+00
6.750000000000000000e+00,3.357369958213435860e-10,1.863401455741279774e-03,1.889758466929090290e-03,6.932683178834714965e+00,7.305449232641095136e+00
6.799999999999999822e+00,3.356602148150846873e-10,2.083783395514791567e-03,2.120101485705856281e-03,6.712006506380596704e+00,7.013150000041292742e+00
6.849999999999999645e+00,3.355740860128394499e-10,2.328704400727528000e-03,2.378487892441582315e-03,6.559016594792971944e+00,6.790367447598960382e+00
6.900000000000000355e+00,3.354774742167115916e-10,2.600759630366068168e-03,2.668323280825100809e-03,6.426310253047830656e+00,6.621424972836223333e+00
6.950000000000000178e+00,3.353691071105954785e-10,2.903064780001829090e-03,2.993424599173444972e-03,6.297904857901890807e+00,6.490827049949572825e+00
7.000000000000000000e+00,3.352475588897607596e-10,3.238916322954808399e-03,3.358069261677636575e-03,6.190660308364826392e+00,6.390474279683189707e+00
7.049999999999999822e+00,3.351112319858228808e-10,3.611930299797588839e-03,3.767049973491349343e-03,6.109335837034542749e+00,6.315437949263078110e+00
7.099999999999999645e+00,3.349583366785531313e-10,4.026051774564522005e-03,4.225735895300601445e-03,6.046697924775806143e+00,6.256464594894403319e+00
7.150000000000000355e+00,3.347868683666349493e-10,4.485571598701750332e-03,4.740140831055064501e-03,5.998492828043403335e+00,6.209368778553262302e+00
7.200000000000000178e+00,3.345945822493041718e-10,4.995657116173605160e-03,5.316999183047439390e-03,5.957786158393943765e+00,6.168953279163027048e+00
7.250000000000000000e+00,3.343789651501186278e-10,5.562406933828418013e-03,5.963850480604164679e-03,5.918021246291260695e+00,6.128903451919484269e+00
7.299999999999999822e+00,3.341372041932966099e-10,6.192255935594809767e-03,6.689133351070021029e-03,5.877881607724759760e+00,6.088479109782866772e+00
7.349999999999999645e+00,3.338661520227310345e-10,6.892365997125424887e-03,7.502289862766904453e-03,5.837011397278601521e+00,6.047136179942818046e+00
7.400000000000000355e+00,3.335622882347251251e-10,7.670805128200528476e-03,8.413881226784521508e-03,5.794345018131949132e+00,6.002787849798821185e+00
7.450000000000000178e+00,3.332216766787875889e-10,8.536209420387987773e-03,9.435715894597072537e-03,5.750413627410466688e+00,5.955811156329893663e+00
7.500000000000000000e+00,3.328399182678789539e-10,9.498213238481519397e-03,1.058099112732309964e-02,5.705886484200874520e+00,5.907381781001305399e+00
7.549999999999999822e+00,3.324120989321923304e-10,1.056744429830358371e-02,1.186444913438293620e-02,5.660493338747748737e+00,5.857561927802564128e+00
7.599999999999999645e+00,3.319327323512767855e-10,1.175561047493543440e-02,1.330254887712958335e-02,5.615707379221262840e+00,5.808324305835455448e+00
7.650000000000000355e+00,3.313956971111598959e-10,1.307574531103449129e-02,1.491365459748021129e-02,5.572165399747014192e+00,5.760662374996286417e+00
7.700000000000000178e+00,3.307941679600316970e-10,1.454211464164657276e-02,1.671824205086478929e-02,5.529082842458493019e+00,5.713612641115062729e+00
7.750000000000000000e+00,3.301205408829623850e-10,1.617028005305470514e-02,1.873912328207273312e-02,5.486436325652228163e+00,5.667245655382451730e+00
7.799999999999999822e+00,3.293663517892607301e-10,1.797755317931881355e-02,2.100169056317782376e-02,5.443707527640256671e+00,5.621049479818630346e+00
7.849999999999999645e+00,3.285221887131520232e-10,1.998285665979823017e-02,2.353417979150390638e-02,5.400636150314049644e+00,5.574825307735373769e+00
7.900000000000000355e+00,3.275775975789954065e-10,2.220700399852710769e-02,2.636795319397365958e-02,5.357619737358263023e+00,5.528713118107980051e+00
7.950000000000000178e+00,3.265209817879141854e-10,2.467322044629778263e-02,2.953780056721736977e-02,5.314592271180373473e+00,5.482261060928188101e+00
8.000000000000000000e+00,3.253394961576088268e-10,2.740641200715176334e-02,3.308225745813347940e-02,5.271455122995703846e+00,5.435504969224318472e+00
8.050000000000000711e+00,3.240189361082026582e-10,3.043375800508211354e-02,3.704393760635200927e-02,5.228664117297448399e+00,5.388757091885800321e+00
8.099999999999999645e+00,3.225436234543212832e-10,3.378538050249632607e-02,4.146987556799594521e-02,5.186257851097458627e+00,5.341959805435926967e+00
8.150000000000000355e+00,3.208962907607145457e-10,3.748978652451917526e-02,4.641187364881640270e-02,5.143987428546019203e+00,5.294825090378168397e+00
8.199999999999999289e+00,3.190579669725611304e-10,4.157849632341827084e-02,5.192684501327653190e-02,5.102045789110334795e+00,5.247281179714299526e+00
8.250000000000000000e+00,3.170078679724621327e-10,4.609318730892472682e-02,5.807714201357361966e-02,5.060975558538771679e+00,5.199879389704143762e+00
8.300000000000000711e+00,3.147232968770948259e-10,5.107790816441175330e-02,6.493085529967543290e-02,5.020983548959442544e+00,5.153116378044813928e+00
8.349999999999999645e+00,3.121795603021960705e-10,5.657621133370362154e-02,7.256206502437179129e-02,4.982201718203810969e+00,5.107447384521798028e+00
8.400000000000000355e+00,3.093499085290290947e-10,6.263516948056922773e-02,8.105102034387259846e-02,4.944438061067160106e+00,5.062851509297942698e+00
8.449999999999999289e+00,3.062055095287957638e-10,6.930529359142305335e-02,9.048421734457257060e-02,4.907205229449395745e+00,5.018796196030933743e+00
8.500000000000000000e+00,3.027154691642862423e-10,7.663814951930614239e-02,1.009543384381012127e-01,4.870831220075942269e+00,4.975646988064717391e+00
8.550000000000000711e+00,2.988469125940618146e-10,8.468904887288657146e-02,1.125600081487744819e-01,4.835430312057908964e+00,4.933578342507530579e+00
8.599999999999999645e+00,2.945651449291684522e-10,9.351596755622727797e-02,1.254053111434545176e-01,4.800907385439643349e+00,4.892095497068041254e+00
8.650000000000000355e+00,2.898339124681796825e-10,1.031750961710288100e-01,1.395990085264208480e-01,4.767641798356095251e+00,4.851410585639364115e+00
8.699999999999999289e+00,2.846157892324260301e-10,1.137214893357674644e-01,1.552533782336817936e-01,4.736855412279346922e+00,4.812507643649205136e+00
8.750000000000000000e+00,2.788727168197926809e-10,1.252000723196445564e-01,1.724825954715818732e-01,4.709190469315316818e+00,4.775826873403467232e+00
8.800000000000000711e+00,2.725667284520171305e-10,1.376698076641556245e-01,1.914005605749085070e-01,4.684575798232053501e+00,4.741450626586448891e+00
8.849999999999999645e+00,2.656608900086888345e-10,1.511895674790343091e-01,2.121180759048934827e-01,4.663279182882369867e+00,4.709774556349074714e+00
8.900000000000000355e+00,2.581204911246776657e-10,1.657959115368198011e-01,2.347392725569270033e-01,4.645164963645875389e+00,4.680936456950753666e+00
8.949999999999999289e+00,2.499145171428385914e-10,1.815178503078091476e-01,2.593571945024441550e-01,4.630217395932604063e+00,4.655043064944777598e+00
9.000000000000000000e+00,2.410174266609663318e-10,1.983604129887867884e-01,2.860484659480608816e-01,4.618593268284591602e+00,4.632138823663041194e+00
9.050000000000000711e+00,2.314112481212384426e-10,2.163243793177256069e-01,3.148670015672445643e-01,4.610011414861553192e+00,4.611318334846799871e+00
9.099999999999999645e+00,2.210879906631286981e-10,2.353974598084767889e-01,3.458367739415738051e-01,4.603882760008460195e+00,4.591149968463824393e+00
9.150000000000000355e+00,2.100523374879135307e-10,2.555025454552877773e-01,3.789437334672193791e-01,4.599103028965771500e+00,4.569026673521932480e+00
9.199999999999999289e+00,1.983245525788812431e-10,2.764590956963797752e-01,4.141270881943162063e-01,4.600572880780426033e+00,4.552597933127280783e+00
9.250000000000000000e+00,1.859434826204405832e-10,2.981775227855484878e-01,4.512702980696382538e-01,4.611358619575923967e+00,4.546595125844319796e+00
9.300000000000000711e+00,1.729694753183560319e-10,3.205740158081141766e-01,4.901923199758919103e-01,4.628627145469721427e+00,4.545654141383870694e+00
9.349999999999999645e+00,1.594869649579199353e-10,3.434437352639322372e-01,5.306398510572001292e-01,4.652937883575290812e+00,4.550418422775180716e+00
9.400000000000000355e+00,1.456064008730469677e-10,3.665782592000681461e-01,5.722815433118191297e-01,4.684932914244527069e+00,4.561980288860098653e+00
9.449999999999999289e+00,1.314651236327584222e-10,3.897005469823386914e-01,6.147053750326846311e-01,4.725397799286319866e+00,4.581445535170047378e+00
9.500000000000000000e+00,1.172267414654740126e-10,4.125081637874035700e-01,6.574205215345378939e-01,4.775355735526119361e+00,4.610241597440236205e+00
9.550000000000000711e+00,1.030785456315412578e-10,4.346745341811752983e-01,6.998651090363361416e-01,4.835598290965521073e+00,4.648827400069770022e+00
9.599999999999999645e+00,8.922655277701077559e-11,4.558414491879551056e-01,7.414210875999276418e-01,4.907031117555717969e+00,4.697705158360925282e+00
9.650000000000000355e+00,7.588790117121286026e-11,4.756484734606762910e-01,7.814370424173213703e-01,4.990227932035246283e+00,4.757165321656103174e+00
9.699999999999999289e+00,6.328057828413789529e-11,4.937490756277236326e-01,8.192590110785461510e-01,5.085096133593467016e+00,4.826581429390181199e+00
9.750000000000000000e+00,5.161082772151253103e-11,5.098259924864704251e-01,8.542682627664223149e-01,5.191817633361345941e+00,4.905429495832223097e+00
9.800000000000000711e+00,4.105905621177203014e-11,5.236281904616283400e-01,8.859235772956438604e-01,5.309219953263315972e+00,4.990609841393933266e+00
9.849999999999999645e+00,3.176557933558633872e-11,5.349894099503659239e-01,9.138040079242009117e-01,5.438021941919487290e+00,5.082972407573365103e+00
9.900000000000000355e+00,2.381800462655701153e-11,5.438534750183168232e-01,9.376467320512889003e-01,5.580338914893012259e+00,5.187891103691065098e+00
9.949999999999999289e+00,1.724230769955940773e-11,5.502858009212098223e-01,9.573738228322816735e-01,5.736449741728442575e+00,5.307830598075000239e+00
1.000000000000000000e+01,1.199955109901616391e-11,5.544649638321605956e-01,9.731020926339114530e-01,5.906406347194959494e+00,5.443010527304394941e+00
1.005000000000000071e+01,7.989602905974885369e-12,5.566903956103369522e-01,9.851319372130352692e-01,6.084317576455099186e+00,5.586050834601735460e+00
1.009999999999999964e+01,5.062115782270830976e-12,5.573235114202479412e-01,9.939143985841474294e-01,6.261831696164918526e+00,5.727787567633079391e+00
1.015000000000000036e+01,3.033581976986616023e-12,5.567357455616024353e-01,1.000000000000000000e+00,6.432601063925531548e+00,5.863687323113978778e+00
