# log_age,instantaneous_sfr,integrated_stellar_mass,integrated_formed_mass,g,r
5.500000000000000000e+00,5.003494851504283936e-10,1.580295149973608246e-04,1.582369093132481193e-04,1.044833891818691995e+01,1.095607508019131160e+01
5.549999999999999822e+00,5.003398320951906082e-10,1.773089607436883445e-04,1.775430197887848728e-04,1.032324802433082311e+01,1.083098277724042191e+01
5.599999999999999645e+00,5.003290014107782066e-10,1.989377431767001619e-04,1.992043886136566613e-04,1.019789215839139018e+01,1.070562161633188225e+01
5.650000000000000355e+00,5.003168494620983173e-10,2.232026722636481055e-04,2.235082859733705015e-04,1.007214774625706610e+01,1.057986678547943882e+01
5.700000000000000178e+00,5.003032151027859492e-10,2.504237345276095236e-04,2.507770045981571835e-04,9.946092256635658657e+00,1.045379583891625686e+01
5.750000000000000000e+00,5.002879175423513518e-10,2.809598729908963739e-04,2.813721254672552400e-04,9.819764295717135383e+00,1.032744754442977353e+01
5.799999999999999822e+00,5.002707539540770817e-10,3.152158335203028377e-04,3.156993020158745632e-04,9.692981293556563571e+00,1.020063737949832472e+01
5.849999999999999645e+00,5.002514967922859875e-10,3.536424414170216278e-04,3.542136255982097155e-04,9.565828784791847283e+00,1.007345077196061567e+01
5.900000000000000355e+00,5.002298907838445835e-10,3.967445467220438119e-04,3.974256424807470680e-04,9.438375891146854713e+00,9.945956528602351909e+00
5.950000000000000178e+00,5.002056495545602740e-10,4.450914423872371923e-04,4.459081010494811881e-04,9.310450979094561319e+00,9.817983128734745435e+00
6.000000000000000000e+00,5.001784518464336445e-10,4.993202267893142535e-04,5.003035173027490417e-04,9.181979824765768683e+00,9.689457387295512092e+00
6.049999999999999822e+00,5.001479372764935638e-10,5.601434032974231605e-04,5.613326571829884738e-04,9.052928438555603918e+00,9.560343549722340128e+00
6.099999999999999645e+00,5.001137015820887835e-10,6.283594822077900746e-04,6.298040459923998600e-04,8.923223778981864029e+00,9.430566375649142685e+00
6.150000000000000355e+00,5.000752912910010498e-10,7.048619951626260106e-04,7.066246281680104357e-04,8.792795415556881267e+00,9.300052487070288976e+00
6.200000000000000178e+00,5.000321977474823027e-10,7.906655750764508351e-04,7.928117152053627435e-04,8.661016415472737151e+00,9.168175807431516944e+00
6.250000000000000000e+00,4.999838504172520809e-10,8.869080313496015711e-04,8.895063756658600504e-04,8.527201372493379949e+00,9.034252350306381629e+00
6.299999999999999822e+00,4.999296093855086875e-10,9.948473999853353102e-04,9.979884391527193976e-04,8.389903257225114430e+00,8.896880989464058587e+00
6.349999999999999645e+00,4.998687569520575178e-10,1.115899618449540552e-03,1.119693306055066220e-03,8.246351416812437662e+00,8.753352111003160019e+00
6.400000000000000355e+00,4.998004882166134698e-10,1.251638190997561746e-03,1.256230776943191530e-03,8.092564954369528607e+00,8.599494739893401629e+00
6.450000000000000178e+00,4.997239005351203120e-10,1.403813180520864165e-03,1.409406139929389240e-03,7.915799962429119319e+00,8.421884969999233306e+00
6.500000000000000000e+00,4.996379817144386712e-10,1.574285003538561075e-03,1.581243781292674191e-03,7.658599137128177858e+00,8.153050543348783208e+00
6.549999999999999822e+00,4.995415967978818026e-10,1.764698601691626952e-03,1.774013614406376319e-03,7.352852530100250306e+00,7.829223912334533964e+00
6.599999999999999645e+00,4.994334732777342491e-10,1.976856079226295589e-03,1.990260654701483771e-03,7.109010681522988762e+00,7.567422222289621914e+00
6.650000000000000355e+00,4.993121845529719711e-10,2.213277872480309393e-03,2.232838104226102151e-03,6.926499969355155883e+00,7.365435049069432694e+00
6.700000000000000178e+00,4.991761314308323671e-10,2.476906197742403688e-03,2.504944348505410128e-03,6.740202725680482843e+00,7.158844154034596841e+00
6.750000000000000000e+00,4.990235214495952128e-10,2.770961324159572619e-03,2.810164310979718517e-03,6.501738518440660641e+00,6.874479367561768584e+00
6.799999999999999822e+00,4.988523457768879196e-10,3.098498413327806754e-03,3.152515656394193171e-03,6.281105717453954185e+00,6.582206710268152960e+00
6.849999999999999645e+00,4.986603534130212613e-10,3.462458212545651941e-03,3.536500384127552830e-03,6.128190871709691123e+00,6.359480561082193617e+00
6.900000000000000355e+00,4.984450224023430318e-10,3.866680379391483451e-03,3.967162405483958681e-03,5.995574535000734784e+00,6.190620734910005751e+00
6.950000000000000178e+00,4.982035277275000460e-10,4.315773713984075166e-03,4.450151755169982383e-03,5.867269256484185291e+00,6.060129743811955905e+00
7.000000000000000000e+00,4.979327055320276911e-10,4.814609388064754886e-03,4.991796146114586309e-03,5.760147860340126158e+00,5.959910134616841049e+00
7.049999999999999822e+00,4.976290132862165220e-10,5.368525842420264482e-03,5.599180637736965276e-03,5.678977812067074638e+00,5.885036644601775890e+00
7.099999999999999645e+00,4.972884854802340966e-10,5.983340863853983324e-03,6.280236249701768615e-03,5.616526523174968588e+00,5.826255618676704273e+00
7.150000000000000355e+00,4.969066843977713736e-10,6.665374093354879334e-03,7.043838414627409845e-03,5.568543053429550582e+00,5.779384284822562279e+00
7.200000000000000178e+00,4.964786454940453959e-10,7.422233476189041626e-03,7.899916222079288869e-03,5.528091279372738143e+00,5.739225349644783591e+00
7.250000000000000000e+00,4.959988168752332740e-10,8.262892677570188305e-03,8.859573459703531245e-03,5.488610391513965681e+00,5.699460297517170204e+00
7.299999999999999822e+00,4.954609923541669095e-10,9.196801013241332617e-03,9.935222501836227585e-03,5.448785447282070038e+00,5.659351337666862491e+00
7.349999999999999645e+00,4.948582375418512464e-10,1.023445882217592119e-02,1.114073212646750702e-02,5.408263464451735558e+00,5.618356788365595378e+00
7.400000000000000355e+00,4.941828084292173623e-10,1.138767632455416241e-02,1.249159035173534431e-02,5.365980099053672348e+00,5.574388507144917071e+00
7.450000000000000178e+00,4.934260619225949560e-10,1.266906145579908480e-02,1.400508336498029055e-02,5.322471831057775660e+00,5.527827681804545534e+00
7.500000000000000000e+00,4.925783578248864999e-10,1.409264840840882167e-02,1.570049156039707988e-02,5.278414453386602645e+00,5.479857206740568643e+00
7.549999999999999822e+00,4.916289518089532821e-10,1.567387591055703980e-02,1.759930359226357516e-02,5.233542216714532458e+00,5.430544274322315346e+00
7.599999999999999645e+00,4.905658790185873668e-10,1.742969876697184756e-02,1.972544917299545036e-02,5.189340518919493661e+00,5.381875293911157598e+00
7.650000000000000355e+00,4.893758280660063921e-10,1.937893106504232771e-02,2.210555107815721440e-02,5.146456812761805111e+00,5.334855683853369612e+00
7.700000000000000178e+00,4.880440053858936697e-10,2.154208017584025719e-02,2.476919643838264642e-02,5.104111901563776144e+00,5.288526547685393098e+00
7.750000000000000000e+00,4.865539901703727676e-10,2.394140788341306281e-02,2.774922686942456543e-02,5.062291973493586283e+00,5.242968527292788394e+00
7.799999999999999822e+00,4.848875804661537480e-10,2.660156524287213622e-02,3.108204627786259264e-02,5.020485876055971630e+00,5.197677008194254711e+00
7.849999999999999645e+00,4.830246314875351292e-10,2.954933475465123041e-02,3.480794423509981500e-02,4.978442718419749724e+00,5.152463277271188247e+00
7.900000000000000355e+00,4.809428878146060340e-10,3.281398513622135055e-02,3.897143158095797005e-02,4.936575665269899105e+00,5.107480797476370071e+00
7.950000000000000178e+00,4.786178119373406560e-10,3.642796914605009317e-02,4.362158333548878802e-02,4.894832109021912459e+00,5.062287357478865601e+00
8.000000000000000000e+00,4.760224126109609231e-10,4.042574294673339369e-02,4.881238198824811719e-02,4.853128009191294723e+00,5.016933972097447736e+00
8.050000000000000711e+00,4.731270777487428860e-10,4.484453521193158820e-02,5.460305171268441810e-02,4.811941961851871952e+00,4.971752934884385411e+00
8.099999999999999645e+00,4.698994181427418157e-10,4.972520410038287070e-02,6.105837092468650168e-02,4.771332859503154111e+00,4.926704480845295109e+00
8.150000000000000355e+00,4.663041302214275914e-10,5.510529366681535951e-02,6.824894676731493859e-02,4.731070149523731061e+00,4.881516594296869016e+00
8.199999999999999289e+00,4.623028883775269980e-10,6.102573820996595039e-02,7.625143045511610651e-02,4.691373924735088963e+00,4.836138056696405840e+00
8.250000000000000000e+00,4.578542801778033158e-10,6.754123122932212397e-02,8.514864685456335902e-02,4.652824425342828363e+00,4.791154552152534052e+00
8.300000000000000711e+00,4.529138010377111189e-10,7.470833460314249552e-02,9.502960513474779936e-02,4.615664226751725607e+00,4.747100985321537792e+00
8.349999999999999645e+00,4.474339287270864517e-10,8.258088038897591632e-02,1.059893497559972475e-01,4.580064392562888997e+00,4.704476197766837231e+00
8.400000000000000355e+00,4.413643023543039745e-10,9.121554942173565328e-02,1.181286025015621799e-01,4.545866431527265661e+00,4.663295469521209213e+00
8.449999999999999289e+00,4.346520351889704043e-10,1.006712701903463708e-01,1.315531368322292449e-01,4.512610057488480209e+00,4.623050856748818660e+00
8.500000000000000000e+00,4.272421956817960944e-10,1.110051324605192125e-01,1.463728158465778528e-01,4.480677755030498588e+00,4.584162018938165772e+00
8.550000000000000711e+00,4.190784960664514249e-10,1.222757749508154440e-01,1.627002150772672850e-01,4.450235900467276906e+00,4.546855878494085346e+00
8.599999999999999645e+00,4.101042325677010576e-10,1.345410560876676431e-01,1.806487420747679984e-01,4.421237468584052976e+00,4.510667245831776029e+00
8.650000000000000355e+00,4.002635248712387993e-10,1.478506804952481046e-01,2.003301574676925045e-01,4.394135635917400862e+00,4.475869478721435257e+00
8.699999999999999289e+00,3.895029042457721832e-10,1.622463715036585596e-01,2.218513987186257197e-01,4.370283034637054698e+00,4.443554514511525610e+00
8.750000000000000000e+00,3.777732983333780420e-10,1.777477088251717963e-01,2.453106105434139650e-01,4.350437272618663087e+00,4.414254035867834602e+00
8.800000000000000711e+00,3.650324545481746728e-10,1.943873496916674326e-01,2.707922981138207730e-01,4.334611123262789079e+00,4.388129480304563401e+00
8.849999999999999645e+00,3.512478312487171807e-10,2.121888690905113228e-01,2.983615447127357934e-01,4.323183982885645094e+00,4.365682333450259023e+00
8.900000000000000355e+00,3.363999639981886827e-10,2.311334413410750521e-01,3.280572792137926852e-01,4.316103707838131243e+00,4.347142775532937264e+00
8.949999999999999289e+00,3.204862806541468566e-10,2.511815264699089889e-01,3.598846459018764099e-01,4.313446759456923019e+00,4.332709874991614640e+00
9.000000000000000000e+00,3.035252910836641362e-10,2.722489026843749049e-01,3.938066250428417514e-01,4.315475613416715817e+00,4.322510580642322964e+00
9.050000000000000711e+00,2.855610127845531359e-10,2.942370756247382202e-01,4.297351816410637793e-01,4.321953151875334243e+00,4.315597136031797731e+00
9.099999999999999645e+00,2.666674116125567183e-10,3.170216150236873642e-01,4.675223839850567442e-01,4.332263394391979716e+00,4.310380660688835519e+00
9.150000000000000355e+00,2.469525384471818160e-10,3.403787970201935797e-01,5.069521303158064374e-01,4.345138503990185086e+00,4.303838686117472889e+00
9.199999999999999289e+00,2.265619329511437293e-10,3.639353763098568950e-01,5.477333413078826485e-01,4.366360000216388926e+00,4.304865625142291208e+00
9.250000000000000000e+00,2.056807549422134311e-10,3.874656264776001335e-01,5.894956973257431398e-01,4.399622443677941419e+00,4.319022595071039916e+00
9.300000000000000711e+00,1.845340097083446039e-10,4.107655742961724976e-01,6.317891877934809219e-01,4.441573252342323030e+00,4.339973800035906493e+00
9.349999999999999645e+00,1.633841814774182107e-10,4.334789872075232586e-01,6.740888442553335524e-01,4.492848774418362723e+00,4.368419080880009631e+00
9.400000000000000355e+00,1.425256128257017410e-10,4.552823343704901493e-01,7.158059815587666241e-01,4.554136841190228324e+00,4.405578669456104990e+00
9.449999999999999289e+00,1.222751059369588293e-10,4.758015862443348842e-01,7.563069953362524522e-01,4.626231321034730115e+00,4.452647307928266684e+00
9.500000000000000000e+00,1.029585117309603132e-10,4.946894732979867371e-01,7.949401837482494848e-01,4.710161349196503977e+00,4.511196988249338347e+00
9.550000000000000711e+00,8.489353926710875407e-11,5.116369490065317827e-01,8.310701286759525352e-01,4.806505333614033759e+00,4.581396297949495988e+00
9.599999999999999645e+00,6.836965498854598487e-11,5.263691330694173498e-01,8.641178972330780805e-01,4.915863444188481424e+00,4.663367125128068835e+00
9.650000000000000355e+00,5.362669460021374683e-11,5.386898439275396022e-01,8.936038180097425343e-01,5.038102719805905849e+00,4.756686400672080595e+00
9.699999999999999289e+00,4.083455953538219324e-11,5.484960231394854224e-01,9.191880881394056679e-01,5.171849671887308375e+00,4.859450695740008541e+00
9.750000000000000000e+00,3.007692638431740916e-11,5.557817877084174629e-01,9.407033544415351889e-01,5.315844118268692853e+00,4.969650284944073348e+00
9.800000000000000711e+00,2.134202675957124490e-11,5.606619486336863467e-01,9.581731536910276237e-01,5.466431460712023238e+00,5.081256728601069028e+00
9.849999999999999645e+00,1.452303510059009429e-11,5.633574764649631472e-01,9.718111370089899115e-01,5.623227392399201108e+00,5.194847887627005889e+00
9.900000000000000355e+00,9.429317935542090222e-12,5.641857338349216544e-01,9.819985713390858573e-01,5.788288138715415698e+00,5.318204086202165115e+00
9.949999999999999289e+00,5.807848821173026545e-12,5.635293846048259336e-01,9.892415095678240844e-01,5.960796713913666167e+00,5.454142520210957912e+00
1.000000000000000000e+01,3.371861407917413086e-12,5.617879661949666259e-01,9.941134843943352228e-01,6.140078982239032257e+00,5.601883916625702398e+00
1.005000000000000071e+01,1.831934783203528768e-12,5.593705072393263533e-01,9.971933376437630558e-01,6.315887521761545997e+00,5.748673126316013793e+00
1.009999999999999964e+01,9.238901307447514673e-13,5.566131904754527682e-01,9.990094269486805567e-01,6.477465022429662156e+00,5.882417279041483482e+00
1.015000000000000036e+01,4.286036050850418433e-13,5.537458448697802904e-01,1.000000000000000000e+00,6.620908825673353704e+00,6.001157077911365434e+00
