# log_age,instantaneous_sfr,integrated_stellar_mass,integrated_formed_mass,u,g,r,i,z
5.500000000000000000e+00,0.000000000000000000e+00,9.980564476304850663e-01,1.000000000000000000e+00,2.705492173109433907e-01,6.118392697616670262e-01,1.112546452470546399e+00,1.470802708928019342e+00,1.781806926563376692e+00
5.549999999999999822e+00,0.000000000000000000e+00,9.978912964085338011e-01,1.000000000000000000e+00,2.629092470880038945e-01,6.044542137870223542e-01,1.105211381206366639e+00,1.463671906987798366e+00,1.774830653337573949e+00
5.599999999999999645e+00,0.000000000000000000e+00,9.973950778127850247e-01,1.000000000000000000e+00,2.608558488377354934e-01,6.021264235630283679e-01,1.102748935292993337e+00,1.461282423873413450e+00,1.772459639676114307e+00
5.650000000000000355e+00,0.000000000000000000e+00,9.969168236882459677e-01,1.000000000000000000e+00,2.571044521878889100e-01,5.982047044056599816e-01,1.098698417568314767e+00,1.457309613630144440e+00,1.768520305672701909e+00
5.700000000000000178e+00,0.000000000000000000e+00,9.966941683524599416e-01,1.000000000000000000e+00,2.460626205616947004e-01,5.875598238778252380e-01,1.088055185043060646e+00,1.446844814223808839e+00,1.758221264676699036e+00
5.750000000000000000e+00,0.000000000000000000e+00,9.961396924381298312e-01,1.000000000000000000e+00,2.409995008542438200e-01,5.823362503318065819e-01,1.082646413096888693e+00,1.441465013029038289e+00,1.752850943208692058e+00
5.799999999999999822e+00,0.000000000000000000e+00,9.958870059460103175e-01,1.000000000000000000e+00,2.268563212911089977e-01,5.687200711680020504e-01,1.069007224917442045e+00,1.427990475894603151e+00,1.739548871197143853e+00
5.849999999999999645e+00,0.000000000000000000e+00,9.955811208911986565e-01,1.000000000000000000e+00,2.115983912645944542e-01,5.539876325489814235e-01,1.054219985272439430e+00,1.413342038635541087e+00,1.725051057029169499e+00
5.900000000000000355e+00,0.000000000000000000e+00,9.949593801475515864e-01,1.000000000000000000e+00,2.018376627135722856e-01,5.442440451332402063e-01,1.044305716340893753e+00,1.403453346581692074e+00,1.715172135480429461e+00
5.950000000000000178e+00,0.000000000000000000e+00,9.945642507501417651e-01,1.000000000000000000e+00,1.818927168484876233e-01,5.249926538391278541e-01,1.025024008622636984e+00,1.384315807784282981e+00,1.696189354962641005e+00
6.000000000000000000e+00,0.000000000000000000e+00,9.937718126327585999e-01,1.000000000000000000e+00,1.673159300399618132e-01,5.105089703693650449e-01,1.010410088856787070e+00,1.369734955380032204e+00,1.681593583590675678e+00
6.049999999999999822e+00,0.000000000000000000e+00,9.932312927301548688e-01,1.000000000000000000e+00,1.406765650639272280e-01,4.846743366665933195e-01,9.848137205583071818e-01,1.344413367976947882e+00,1.656452195500477842e+00
6.099999999999999645e+00,0.000000000000000000e+00,9.926049761264653659e-01,1.000000000000000000e+00,1.100155862131089179e-01,4.548712559842016390e-01,9.553953266151751222e-01,1.315377843331681618e+00,1.627636497041677899e+00
6.150000000000000355e+00,0.000000000000000000e+00,9.918022712621223924e-01,1.000000000000000000e+00,7.355097730697934821e-02,4.192478379312163383e-01,9.200135465484677866e-01,1.280358709159585828e+00,1.592817367864398648e+00
6.200000000000000178e+00,0.000000000000000000e+00,9.907693730195242798e-01,1.000000000000000000e+00,2.960975293746059833e-02,3.759268197414513679e-01,8.762777368740657380e-01,1.236615908044740308e+00,1.549007344776597961e+00
6.250000000000000000e+00,0.000000000000000000e+00,9.893683155581515232e-01,1.000000000000000000e+00,-2.915014478718092050e-02,3.173701559361532532e-01,8.159536444941792865e-01,1.175438021727721605e+00,1.487072781789670728e+00
6.299999999999999822e+00,0.000000000000000000e+00,9.875917670495660827e-01,1.000000000000000000e+00,-1.340562424632238958e-01,2.108795584813663027e-01,7.062384870368916268e-01,1.064082554761696997e+00,1.374154907401887726e+00
6.349999999999999645e+00,0.000000000000000000e+00,9.852117650268358284e-01,1.000000000000000000e+00,-2.586789488630429901e-01,8.296928114384627406e-02,5.718386894297040612e-01,9.299040752365499429e-01,1.238249224195435261e+00
6.400000000000000355e+00,0.000000000000000000e+00,9.820198586853120526e-01,1.000000000000000000e+00,-3.208416013237780362e-01,1.838949822653290767e-02,4.992772550616493277e-01,8.572168404159938859e-01,1.164025270333389983e+00
6.450000000000000178e+00,0.000000000000000000e+00,9.785513400410740248e-01,1.000000000000000000e+00,-4.977324632869404297e-01,-1.681456576998598962e-01,3.042275330612227435e-01,6.662247361276172342e-01,9.712254687111396834e-01
6.500000000000000000e+00,0.000000000000000000e+00,9.743188515968762564e-01,1.000000000000000000e+00,-5.425490249253570596e-01,-2.421053432637734204e-01,2.265930668637636813e-01,5.771529462692797097e-01,8.743351837528052783e-01
6.549999999999999822e+00,0.000000000000000000e+00,9.701480672908636693e-01,1.000000000000000000e+00,-4.098825984547467272e-01,-2.413527181723154058e-01,1.621680433694336898e-01,4.632464385549326380e-01,6.842844705613089218e-01
6.599999999999999645e+00,0.000000000000000000e+00,9.604484163481047387e-01,1.000000000000000000e+00,-4.565501896891497324e-01,-3.269217473165184629e-01,8.763890692504361368e-02,3.947813364521053359e-01,6.444012693545673187e-01
6.650000000000000355e+00,0.000000000000000000e+00,9.575399359404881405e-01,1.000000000000000000e+00,-2.594981583694249139e-01,-2.176885236886008101e-01,1.733536892199154522e-01,4.545521437860244873e-01,6.705749151462185864e-01
6.700000000000000178e+00,0.000000000000000000e+00,9.552984717573439477e-01,1.000000000000000000e+00,-2.023609159765271670e-02,1.142390555768670879e-01,4.960845856492213102e-01,7.627192588137674534e-01,9.727550099768009773e-01
6.750000000000000000e+00,0.000000000000000000e+00,9.469956047492174012e-01,1.000000000000000000e+00,1.350283701170695849e-02,-2.968950691592908697e-02,2.367010837024423608e-01,4.209397504806773327e-01,5.292665153668849598e-01
6.799999999999999822e+00,0.000000000000000000e+00,9.376560935329240065e-01,1.000000000000000000e+00,1.033906025357040903e-01,-6.681756228235258277e-02,1.409140543138249768e-01,2.653478530413764247e-01,3.132727823654519739e-01
6.849999999999999645e+00,0.000000000000000000e+00,9.297702401454529531e-01,1.000000000000000000e+00,3.051610961614770190e-01,-6.855152400021324866e-02,6.812908429025554824e-02,1.627560198081923204e-01,1.700460296346548716e-01
6.900000000000000355e+00,0.000000000000000000e+00,9.215112913242232695e-01,1.000000000000000000e+00,6.481792721791421741e-01,3.135487093317976814e-01,1.841727418225360680e-01,1.233569112409398372e-01,5.698674181152085794e-02
6.950000000000000178e+00,0.000000000000000000e+00,9.134048402404224554e-01,1.000000000000000000e+00,9.493316669242233274e-01,8.858459889207566107e-01,7.393668598222689070e-01,4.833350090198393900e-01,2.095933007422416949e-01
7.000000000000000000e+00,0.000000000000000000e+00,9.059316314917554847e-01,1.000000000000000000e+00,1.061264398625034744e+00,9.653158325314237231e-01,9.077157508119242380e-01,6.855296792992575661e-01,4.139015330211464061e-01
7.049999999999999822e+00,0.000000000000000000e+00,8.986699978011137846e-01,1.000000000000000000e+00,1.188828651891611798e+00,1.017454452321317149e+00,1.005303059772636232e+00,8.105716534102072046e-01,5.459087186961824045e-01
7.099999999999999645e+00,0.000000000000000000e+00,8.912866586870394903e-01,1.000000000000000000e+00,1.337275965460477778e+00,1.105919638173482156e+00,1.155024855037765974e+00,9.798849208297468749e-01,7.046702155022828151e-01
7.150000000000000355e+00,0.000000000000000000e+00,8.843371565614134289e-01,1.000000000000000000e+00,1.470988590059327805e+00,1.273529829940102331e+00,1.340666933125966409e+00,1.185692063387222106e+00,9.254573412650159980e-01
7.200000000000000178e+00,0.000000000000000000e+00,8.779447643722845251e-01,1.000000000000000000e+00,1.618036489221729823e+00,1.422842722713625108e+00,1.461381315552010562e+00,1.282800946177417245e+00,1.005840342104718843e+00
7.250000000000000000e+00,0.000000000000000000e+00,8.713627860973116590e-01,1.000000000000000000e+00,1.773714620793491292e+00,1.595622690615485340e+00,1.622018901090129361e+00,1.407668855585100687e+00,1.103103606946731929e+00
7.299999999999999822e+00,0.000000000000000000e+00,8.650556221890914887e-01,1.000000000000000000e+00,1.893008507203660429e+00,1.718474232179517003e+00,1.777979268628719467e+00,1.603545398578923198e+00,1.333296125245837516e+00
7.349999999999999645e+00,0.000000000000000000e+00,8.592907316939419893e-01,1.000000000000000000e+00,2.009953604476990563e+00,1.795040211658729845e+00,1.844919532412760077e+00,1.684821737904087513e+00,1.434417717227916000e+00
7.400000000000000355e+00,0.000000000000000000e+00,8.533822915091388017e-01,1.000000000000000000e+00,2.126628126321122636e+00,1.874917535318992634e+00,1.919129185845889651e+00,1.770743600870972045e+00,1.536353183492700225e+00
7.450000000000000178e+00,0.000000000000000000e+00,8.474026613397059871e-01,1.000000000000000000e+00,2.251220230935885525e+00,1.961710285041881718e+00,2.002218344252611359e+00,1.862578725543691860e+00,1.640411173249134436e+00
7.500000000000000000e+00,0.000000000000000000e+00,8.414239859136812827e-01,1.000000000000000000e+00,2.374630213926266720e+00,2.071406387534167948e+00,2.143125959886958753e+00,2.048128064598301989e+00,1.865931631900480170e+00
7.549999999999999822e+00,0.000000000000000000e+00,8.363758384540170843e-01,1.000000000000000000e+00,2.457895913382067477e+00,2.104701737278993789e+00,2.183592525494589154e+00,2.114985425101565397e+00,1.965170270679465148e+00
7.599999999999999645e+00,0.000000000000000000e+00,8.312367966847468148e-01,1.000000000000000000e+00,2.539216788815238601e+00,2.140453168197069544e+00,2.228123709088116300e+00,2.178801775357122494e+00,2.053937889109406001e+00
7.650000000000000355e+00,0.000000000000000000e+00,8.260176501265588112e-01,1.000000000000000000e+00,2.625660466685772576e+00,2.185241873911991206e+00,2.278576616181567260e+00,2.250095198625217563e+00,2.151301757481988375e+00
7.700000000000000178e+00,0.000000000000000000e+00,8.206769765459792643e-01,1.000000000000000000e+00,2.713901218238554236e+00,2.234910037693005336e+00,2.333594798087474942e+00,2.327659355565003807e+00,2.257252103401938825e+00
7.750000000000000000e+00,0.000000000000000000e+00,8.153499485028958826e-01,1.000000000000000000e+00,2.811385719151921592e+00,2.304764661446384366e+00,2.397532720135934881e+00,2.405227417258466005e+00,2.359299185755830308e+00
7.799999999999999822e+00,0.000000000000000000e+00,8.099772279461318059e-01,1.000000000000000000e+00,2.924975545608049288e+00,2.400414699424331388e+00,2.474708562033967496e+00,2.475192050088331541e+00,2.430517528667351712e+00
7.849999999999999645e+00,0.000000000000000000e+00,8.045457861333805694e-01,1.000000000000000000e+00,3.043957139865774764e+00,2.493040976789316687e+00,2.555644606317159173e+00,2.549051058403392744e+00,2.505870379766150791e+00
7.900000000000000355e+00,0.000000000000000000e+00,7.990595139924590029e-01,1.000000000000000000e+00,3.173853498236432813e+00,2.602164617207691322e+00,2.661754547411476324e+00,2.654781931824942376e+00,2.614107553428276276e+00
7.950000000000000178e+00,0.000000000000000000e+00,7.938324355355704798e-01,1.000000000000000000e+00,3.295582615320519437e+00,2.685449731439604193e+00,2.728703922528467274e+00,2.724330444650227889e+00,2.686996067733915083e+00
8.000000000000000000e+00,0.000000000000000000e+00,7.886155110904849996e-01,1.000000000000000000e+00,3.422284750555007804e+00,2.766698929412555685e+00,2.804331934493703216e+00,2.799282247293149339e+00,2.763053209171218327e+00
8.050000000000000711e+00,0.000000000000000000e+00,7.833512190720749446e-01,1.000000000000000000e+00,3.550295108872553840e+00,2.849968763979283892e+00,2.884733429301832075e+00,2.879062071861497429e+00,2.843363800649079565e+00
8.099999999999999645e+00,0.000000000000000000e+00,7.780826812771666212e-01,1.000000000000000000e+00,3.682279076054612688e+00,2.938745343545349442e+00,2.980156556059796458e+00,2.973807428901110939e+00,2.927808442771222985e+00
8.150000000000000355e+00,0.000000000000000000e+00,7.717848704600507315e-01,1.000000000000000000e+00,3.810145838905022231e+00,3.020661741309190518e+00,3.065868216635855958e+00,3.060786247176544350e+00,3.008980107291776562e+00
8.199999999999999289e+00,0.000000000000000000e+00,7.654318214317443747e-01,1.000000000000000000e+00,3.942104177712778323e+00,3.111422951835130846e+00,3.162571205390996454e+00,3.160219925016079401e+00,3.106387699797572566e+00
8.250000000000000000e+00,0.000000000000000000e+00,7.593685248912376284e-01,1.000000000000000000e+00,4.074460327777693180e+00,3.196034660215538281e+00,3.246550841200118498e+00,3.243255780654045850e+00,3.186162033384519532e+00
8.300000000000000711e+00,0.000000000000000000e+00,7.549241848782661801e-01,1.000000000000000000e+00,4.206206233663763783e+00,3.282522578303989746e+00,3.331801781102100790e+00,3.328372904785716457e+00,3.268828550306679404e+00
8.349999999999999645e+00,0.000000000000000000e+00,7.504855117674867904e-01,1.000000000000000000e+00,4.347928539096194811e+00,3.376411873352665793e+00,3.407873164249643594e+00,3.403689408636076053e+00,3.343397033371104499e+00
8.400000000000000355e+00,0.000000000000000000e+00,7.460391953615319593e-01,1.000000000000000000e+00,4.500357483462892105e+00,3.471506634920807244e+00,3.479608795460507054e+00,3.468454450514407483e+00,3.399186120175507142e+00
8.449999999999999289e+00,0.000000000000000000e+00,7.414068862610556643e-01,1.000000000000000000e+00,4.642392387195449999e+00,3.566871432155679145e+00,3.548044610121912967e+00,3.526856592597738427e+00,3.458347945765332554e+00
8.500000000000000000e+00,0.000000000000000000e+00,7.354446907432916625e-01,1.000000000000000000e+00,4.780928726548509644e+00,3.667576707074829301e+00,3.625989068751771072e+00,3.595788449019480026e+00,3.521136265014185085e+00
8.550000000000000711e+00,0.000000000000000000e+00,7.317838332094701581e-01,1.000000000000000000e+00,4.905451821380886201e+00,3.765663997751765635e+00,3.708251127760753718e+00,3.665745954497005243e+00,3.586236013530900379e+00
8.599999999999999645e+00,0.000000000000000000e+00,7.271564235727371317e-01,1.000000000000000000e+00,5.044149814704809387e+00,3.869781199863979282e+00,3.793681962176457034e+00,3.743439170167633279e+00,3.655356659757003968e+00
8.650000000000000355e+00,0.000000000000000000e+00,7.224852444311388178e-01,1.000000000000000000e+00,5.182212421282073933e+00,3.983474869873184332e+00,3.875582302581854321e+00,3.813336865998749659e+00,3.720505284983218530e+00
8.699999999999999289e+00,0.000000000000000000e+00,7.177787072425075854e-01,1.000000000000000000e+00,5.331257835785841337e+00,4.098585544810262604e+00,3.955907855754546176e+00,3.879227636210536900e+00,3.778064334669075208e+00
8.750000000000000000e+00,0.000000000000000000e+00,7.126192608961680053e-01,1.000000000000000000e+00,5.482126786026334742e+00,4.223470397910602969e+00,4.041930892194116609e+00,3.951356713982093538e+00,3.849242081333159149e+00
8.800000000000000711e+00,0.000000000000000000e+00,7.078761484160038808e-01,1.000000000000000000e+00,5.622999282457634251e+00,4.353299895904051198e+00,4.132496126503369283e+00,4.031689993246395431e+00,3.925787781187324299e+00
8.849999999999999645e+00,0.000000000000000000e+00,7.031105968479447466e-01,1.000000000000000000e+00,5.764443004909857393e+00,4.478792877808899675e+00,4.226322157295477666e+00,4.111401489840346812e+00,3.999310058140181923e+00
8.900000000000000355e+00,0.000000000000000000e+00,6.983080137387610575e-01,1.000000000000000000e+00,5.906531399229940860e+00,4.608452620853071835e+00,4.310512660448054589e+00,4.179909359869824925e+00,4.068789163084019833e+00
8.949999999999999289e+00,0.000000000000000000e+00,6.927130725728892768e-01,1.000000000000000000e+00,6.042677147921807546e+00,4.739800712686431439e+00,4.399936321372784676e+00,4.251108983742284408e+00,4.121285189529402260e+00
9.000000000000000000e+00,0.000000000000000000e+00,6.878483221559134053e-01,1.000000000000000000e+00,6.173011737512005936e+00,4.865447610812132950e+00,4.492534316847780929e+00,4.324226816356819825e+00,4.182640505892763372e+00
9.050000000000000711e+00,0.000000000000000000e+00,6.832417823317793459e-01,1.000000000000000000e+00,6.312408248628834428e+00,4.990376174395613873e+00,4.580085566073641701e+00,4.391699554813634165e+00,4.239677721071466010e+00
9.099999999999999645e+00,0.000000000000000000e+00,6.778825371003900369e-01,1.000000000000000000e+00,6.452190652163892537e+00,5.080149480233636439e+00,4.600722729809056943e+00,4.378127953111615511e+00,4.196132797177078544e+00
9.150000000000000355e+00,0.000000000000000000e+00,6.727401984369234533e-01,1.000000000000000000e+00,6.573721979972759755e+00,5.146914111737402209e+00,4.614956021417803811e+00,4.361700749611173933e+00,4.147179961213865340e+00
9.199999999999999289e+00,0.000000000000000000e+00,6.619229178118838375e-01,1.000000000000000000e+00,6.794375294326364667e+00,5.392259049175983421e+00,4.858209994631629058e+00,4.582686635337559267e+00,4.324171253419635264e+00
9.250000000000000000e+00,0.000000000000000000e+00,6.569817173879988204e-01,1.000000000000000000e+00,6.961667125841934478e+00,5.547564640081361631e+00,4.996424554083716885e+00,4.708282463342726487e+00,4.440070591691977597e+00
9.300000000000000711e+00,0.000000000000000000e+00,6.520045111627783552e-01,1.000000000000000000e+00,7.127223854288949667e+00,5.697114272115790357e+00,5.129235665120404519e+00,4.832273244042283977e+00,4.558226189711518828e+00
9.349999999999999645e+00,0.000000000000000000e+00,6.473827728122090175e-01,1.000000000000000000e+00,7.290091667464295710e+00,5.829490969547698853e+00,5.236838103097070984e+00,4.929068072633775444e+00,4.643850505027643294e+00
9.400000000000000355e+00,0.000000000000000000e+00,6.429962207836604771e-01,1.000000000000000000e+00,7.454912305699323838e+00,5.959385328146453276e+00,5.342363419025083715e+00,5.028182896942531954e+00,4.739042147346125944e+00
9.449999999999999289e+00,0.000000000000000000e+00,6.387191060747557936e-01,1.000000000000000000e+00,7.628406036905992949e+00,6.095652858081798797e+00,5.452870628284955501e+00,5.124631526101254053e+00,4.819565180915390101e+00
9.500000000000000000e+00,0.000000000000000000e+00,6.343180888431975140e-01,1.000000000000000000e+00,7.794406320177913017e+00,6.220692399407852236e+00,5.554691269273305920e+00,5.215691660849188338e+00,4.898805469814575986e+00
9.550000000000000711e+00,0.000000000000000000e+00,6.302608413977015545e-01,1.000000000000000000e+00,7.943650558103144022e+00,6.338706977244548568e+00,5.655240865464456590e+00,5.308556556494551160e+00,4.983653047063370423e+00
9.599999999999999645e+00,0.000000000000000000e+00,6.262714943400182754e-01,1.000000000000000000e+00,8.091055716059024405e+00,6.460690870045532108e+00,5.764213666143625403e+00,5.415326310094677353e+00,5.089826517292536323e+00
9.650000000000000355e+00,0.000000000000000000e+00,6.222809114157257238e-01,1.000000000000000000e+00,8.183952842599488520e+00,6.551359487685886052e+00,5.852282644557334379e+00,5.501485649578008008e+00,5.173977326115959841e+00
9.699999999999999289e+00,0.000000000000000000e+00,6.185420168056620094e-01,1.000000000000000000e+00,8.321129058955037294e+00,6.658254099283929861e+00,5.943146832689315318e+00,5.586340070771946387e+00,5.252480714589083277e+00
9.750000000000000000e+00,0.000000000000000000e+00,6.148507339723076059e-01,1.000000000000000000e+00,8.463066576795966967e+00,6.771273937136925269e+00,6.041431803183044735e+00,5.679066114856780700e+00,5.338306959455607625e+00
9.800000000000000711e+00,0.000000000000000000e+00,6.112948298584551798e-01,1.000000000000000000e+00,8.616870901403416383e+00,6.926149349996961746e+00,6.196540701181902477e+00,5.839406739160985182e+00,5.505632670895558078e+00
9.849999999999999645e+00,0.000000000000000000e+00,6.081016866062370907e-01,1.000000000000000000e+00,8.748025621671303043e+00,7.032011344821320620e+00,6.290311330927991662e+00,5.928720194158373147e+00,5.591669008947150132e+00
9.900000000000000355e+00,0.000000000000000000e+00,6.049529299597893317e-01,1.000000000000000000e+00,8.886179475460373567e+00,7.141997139336119460e+00,6.388083505210737201e+00,6.022685249002037722e+00,5.683262416762971725e+00
9.949999999999999289e+00,0.000000000000000000e+00,6.018637377009109501e-01,1.000000000000000000e+00,9.025721745599838641e+00,7.245096600047673974e+00,6.475801611811043301e+00,6.104405436918419525e+00,5.759043235465824750e+00
1.000000000000000000e+01,0.000000000000000000e+00,5.988032340368842910e-01,1.000000000000000000e+00,9.167788917576224605e+00,7.351826856582050596e+00,6.568284140743067212e+00,6.192406810640633807e+00,5.842928740007444333e+00
1.005000000000000071e+01,0.000000000000000000e+00,5.957929368265881820e-01,1.000000000000000000e+00,9.308021341719495467e+00,7.454694703615992069e+00,6.657308498395067886e+00,6.275827731227508366e+00,5.920304180791703175e+00
1.009999999999999964e+01,0.000000000000000000e+00,5.928271434284866359e-01,1.000000000000000000e+00,9.455620024391123479e+00,7.560961586300663839e+00,6.748441757806389774e+00,6.360825410707249716e+00,5.998935896547408220e+00
1.015000000000000036e+01,0.000000000000000000e+00,5.899180244242007154e-01,1.000000000000000000e+00,9.598909382757369713e+00,7.659699403640651383e+00,6.831639224416619527e+00,6.437750796859461389e+00,6.069538292195680640e+00
