# log_age,instantaneous_sfr,integrated_stellar_mass,integrated_formed_mass,u,g,r,i,z
5.500000000000000000e+00,1.321878151970546329e-10,4.172087383405404616e-05,4.180211844039962923e-05,1.121755348873082880e+01,1.155884354118155954e+01,1.205955072389043892e+01,1.241780698034791897e+01,1.272881119798326921e+01
5.549999999999999822e+00,1.321873051431155581e-10,4.681107078426904698e-05,4.690265783115182802e-05,1.109213077601680197e+01,1.143343504810452771e+01,1.193414501869291655e+01,1.229241266694005219e+01,1.260342550106243209e+01
5.599999999999999645e+00,1.321867328555261907e-10,5.252043160120944845e-05,5.262553372499379189e-05,1.096623156561385315e+01,1.130754686608078430e+01,1.180825448312413073e+01,1.216654732119290117e+01,1.247757715762207198e+01
5.650000000000000355e+00,1.321860907412392767e-10,5.892328273609470727e-05,5.904667659396805712e-05,1.084011147563063560e+01,1.118141233459444095e+01,1.168210340381007484e+01,1.204042698904731168e+01,1.235147486204689926e+01
5.700000000000000178e+00,1.321853702808728612e-10,6.610485550531398609e-05,6.625128025806404307e-05,1.071329277944300173e+01,1.105459393245001820e+01,1.155526333532387895e+01,1.191362870082549819e+01,1.222470387306932338e+01
5.750000000000000000e+00,1.321845619157208545e-10,7.415949916561248253e-05,7.433493177801762789e-05,1.058579334244948456e+01,1.092710713697558589e+01,1.142774677250935156e+01,1.178616078537333323e+01,1.209726986488137612e+01
5.799999999999999822e+00,1.321836549209875521e-10,8.319326494674966722e-05,8.340487911107849212e-05,1.045749331278568661e+01,1.079883978281161205e+01,1.129944138414732890e+01,1.165790989288861113e+01,1.196905966455454973e+01
5.849999999999999645e+00,1.321826372635676538e-10,9.332639552831049651e-05,9.358145331014023596e-05,1.032791586650015603e+01,1.066935083648068172e+01,1.116991391728146255e+01,1.152844830842624191e+01,1.183965268805342674e+01
5.900000000000000355e+00,1.321814954424893793e-10,1.046905312803347507e-04,1.049996640927925730e-04,1.019745186639782730e+01,1.053899583986937216e+01,1.103951160888104255e+01,1.139811397698792206e+01,1.170937599760002001e+01
5.950000000000000178e+00,1.321802143099100247e-10,1.174346980534667290e-04,1.178109898862245153e-04,1.006590663498896987e+01,1.040758964104187356e+01,1.090805185567813851e+01,1.126672484142600439e+01,1.157804798114083411e+01
6.000000000000000000e+00,1.321787768702957158e-10,1.317251504755827219e-04,1.321853860294444898e-04,9.933142829366282456e+00,1.027499433371415449e+01,1.077539931947749352e+01,1.113414541219013643e+01,1.144553093258149090e+01
6.049999999999999822e+00,1.321771640551308839e-10,1.477484056349703107e-04,1.483135376779151724e-04,9.798874010587908856e+00,1.014092971090766326e+01,1.064129042455802931e+01,1.100012020862556028e+01,1.131157144581126062e+01
6.099999999999999645e+00,1.321753544701800545e-10,1.657159873413950114e-04,1.664093871859453184e-04,9.662326405121433481e+00,1.000466374170153472e+01,1.050502178055260316e+01,1.086396565486395360e+01,1.117549950484475829e+01
6.150000000000000355e+00,1.321733241119637301e-10,1.858611094389985279e-04,1.867129693493121739e-04,9.523143053471983421e+00,9.865835415711664780e+00,1.036622839977981414e+01,1.072531938346109115e+01,1.103695251245686393e+01
6.200000000000000178e+00,1.321710460497052221e-10,2.084429784409592837e-04,2.094935919344847130e-04,9.380780170865193668e+00,9.723880856942471951e+00,1.022429310786117895e+01,1.058353727864529503e+01,1.089526717289278679e+01
6.250000000000000000e+00,1.321684900685529955e-10,2.337485878991094252e-04,2.350534034568093440e-04,9.234144347834927657e+00,9.577664296505027153e+00,1.007795222822288395e+01,1.043727797082696895e+01,1.074904129339226699e+01
6.299999999999999822e+00,1.321656222693747660e-10,2.620956910024891187e-04,2.637313952391998344e-04,9.079544300447864202e+00,9.423349975373113807e+00,9.923183075681023979e+00,1.028241326691653512e+01,1.059404824335034334e+01
6.349999999999999645e+00,1.321624046198513373e-10,2.938338602742988632e-04,2.959078904731527728e-04,8.913149735403059992e+00,9.256864360958040550e+00,9.755559747124735281e+00,1.011460863398902177e+01,1.042588572204435593e+01
6.400000000000000355e+00,1.321587944509628442e-10,3.293428705560465133e-04,3.320095793581434628e-04,8.739502133655633997e+00,9.082723359287548703e+00,9.579329470420603343e+00,9.938220994644268558e+00,1.024893621426429036e+01
6.450000000000000178e+00,1.321547438922461566e-10,3.690484469859244237e-04,3.725151665250364566e-04,8.554419198221580700e+00,8.896176280010571702e+00,9.389531046220348287e+00,9.748630244648595067e+00,1.005855754907589983e+01
6.500000000000000000e+00,1.321501992384083118e-10,4.134220130695079190e-04,4.179617049035320346e-04,8.361976231666496062e+00,8.699231482760112044e+00,9.188749992123803167e+00,9.547316704941849252e+00,9.855702037759783707e+00
6.549999999999999822e+00,1.321451002389871542e-10,4.629938774277390576e-04,4.689516991150744288e-04,8.186856784961065614e+00,8.508292920016103267e+00,8.988831588790105798e+00,9.341563477083937528e+00,9.640671744384071928e+00
6.599999999999999645e+00,1.321393793017563200e-10,5.182122104338623839e-04,5.261610714235907078e-04,8.025127072806057527e+00,8.320855413610367179e+00,8.789787938829192626e+00,9.134247918666929422e+00,9.422110164152016409e+00
6.650000000000000355e+00,1.321329605994577540e-10,5.797647371981253265e-04,5.903480944089616392e-04,7.877987278561683127e+00,8.145068263160602839e+00,8.603900638453218619e+00,8.940319551032963830e+00,9.218985032574394722e+00
6.700000000000000178e+00,1.321257590682026713e-10,6.486391895564059531e-04,6.623634069599428640e-04,7.758354338269299433e+00,8.004690322258227297e+00,8.454555410636316992e+00,8.782858049223975172e+00,9.052475693506586651e+00
6.750000000000000000e+00,1.321176792844932261e-10,7.254822316140866921e-04,7.431612440545224633e-04,7.652117743093526769e+00,7.877649638452183467e+00,8.312094842173038955e+00,8.626341802030310646e+00,8.878981519298768887e+00
6.799999999999999822e+00,1.321086142062712226e-10,8.108949483037655292e-04,8.338120262741660757e-04,7.549809264751580429e+00,7.740863803361925477e+00,8.149768036355780509e+00,8.439976939745562845e+00,8.662579457127201010e+00
6.849999999999999645e+00,1.320984437616739835e-10,9.058475342850765650e-04,9.355164722468190756e-04,7.457818423365885963e+00,7.603237598740903991e+00,7.980899025606660757e+00,8.242995028199032959e+00,8.430413469951602679e+00
6.900000000000000355e+00,1.320870332672560518e-10,1.011455222917463648e-03,1.049621416426084084e-03,7.382950025615826917e+00,7.486559008554110051e+00,7.821357386187152372e+00,8.046457657958157483e+00,8.194415484318739118e+00
6.950000000000000178e+00,1.320742316552999086e-10,1.128889975485227208e-03,1.177637535987610239e-03,7.324403203548136787e+00,7.408126816341116694e+00,7.702566897093348075e+00,7.883565039337121050e+00,7.983013817575695725e+00
7.000000000000000000e+00,1.320598694874609756e-10,1.259521472539103541e-03,1.321259214376825511e-03,7.273134687869330151e+00,7.348756724086634051e+00,7.617851015531215353e+00,7.760843832157149791e+00,7.813808514702216712e+00
7.049999999999999822e+00,1.320437567293577297e-10,1.404887555980412813e-03,1.482386795409500234e-03,7.223952544126362341e+00,7.289418035894563275e+00,7.539949900974697528e+00,7.654496237387512281e+00,7.673088921675713436e+00
7.099999999999999645e+00,1.320256802577936516e-10,1.566644523572503561e-03,1.663151511050155835e-03,7.177453921130442893e+00,7.230329243208842627e+00,7.467138961165332489e+00,7.559456403954733617e+00,7.550687251046753090e+00
7.150000000000000355e+00,1.320054010690656968e-10,1.746658185859686690e-03,1.865943398329675783e-03,7.133546768973005214e+00,7.174389949681440726e+00,7.401428331285046625e+00,7.476727944014719185e+00,7.446617829249987608e+00
7.200000000000000178e+00,1.319826511532408483e-10,1.947085357207155440e-03,2.093442556578302156e-03,7.091945850293953413e+00,7.122824166537483848e+00,7.341135837342825710e+00,7.401865260691430137e+00,7.354101479877513725e+00
7.250000000000000000e+00,1.319571299953480525e-10,2.170268522255732954e-03,2.348654135506061599e-03,7.052849929531099349e+00,7.075178028461138524e+00,7.284802131180924789e+00,7.330956220115496080e+00,7.266095336685225448e+00
7.299999999999999822e+00,1.319285006601059134e-10,2.418785208129414863e-03,2.634947487927391963e-03,7.015598987937337938e+00,7.030552156706434630e+00,7.232873936687148841e+00,7.266398294289849957e+00,7.187227240650308602e+00
7.349999999999999645e+00,1.318963854120648611e-10,2.695620644765130310e-03,2.956099968337965594e-03,6.979394569231018863e+00,6.986754991740284026e+00,7.182808859243465349e+00,7.206382574390111984e+00,7.116601904597111172e+00
7.400000000000000355e+00,1.318603608178643085e-10,3.004047037711734050e-03,3.316345910343484246e-03,6.944135933793276649e+00,6.942869618553579869e+00,7.132575243194999359e+00,7.147393100619510165e+00,7.048927714200054595e+00
7.450000000000000178e+00,1.318199522716725457e-10,3.347598635305250921e-03,3.720431372261249342e-03,6.909890095182817049e+00,6.899105543682836128e+00,7.082549862471530844e+00,7.089638716550105357e+00,6.984004341534600258e+00
7.500000000000000000e+00,1.317746278787785266e-10,3.730226867495166094e-03,4.173675301201341600e-03,6.876711792063503026e+00,6.856041503374768808e+00,7.034174171914678197e+00,7.035429742014819965e+00,6.924775797409026268e+00
7.549999999999999822e+00,1.317237916257432208e-10,4.156579054840598732e-03,4.682037831554433822e-03,6.843944133347363845e+00,6.812631465587713819e+00,6.986505701156737302e+00,6.984024743863301410e+00,6.870712106490273641e+00
7.599999999999999645e+00,1.316667757585034790e-10,4.631843280873924884e-03,5.252196503951984084e-03,6.810926843435439082e+00,6.767370237320442072e+00,6.937354721040279060e+00,6.932284134930092989e+00,6.817821965646331250e+00
7.650000000000000355e+00,1.316028322823909014e-10,5.161528206172926250e-03,5.891631265077817807e-03,6.777717605316404104e+00,6.720508699143636022e+00,6.886976688042359740e+00,6.880328954643580630e+00,6.765978905095174412e+00
7.700000000000000178e+00,1.315311234902376817e-10,5.751734265176134189e-03,6.608719186609752702e-03,6.744434794443129988e+00,6.672371595569742908e+00,6.835648809085775213e+00,6.828499679639080000e+00,6.715518738637278773e+00
7.750000000000000000e+00,1.314507114166871146e-10,6.409262984830876343e-03,7.412839922115473448e-03,6.711254934886007106e+00,6.623545157716328902e+00,6.783722804993935540e+00,6.776947709485320104e+00,6.666467428027324615e+00
7.799999999999999822e+00,1.313605461086449949e-10,7.141692442604773844e-03,8.314493002536692268e-03,6.678566144747875910e+00,6.575079510932511084e+00,6.731752631132110309e+00,6.725492439079495455e+00,6.617985381454843719e+00
7.849999999999999645e+00,1.312594525937000066e-10,7.957397409233638030e-03,9.325428151986576292e-03,6.646683473905568462e+00,6.527478458294908137e+00,6.680154566920336379e+00,6.674047988732191072e+00,6.569447426395932155e+00
7.900000000000000355e+00,1.311461164205758089e-10,8.865654663709698902e-03,1.045878988322862871e-02,6.615812269983337046e+00,6.480981464106065459e+00,6.629582619438963320e+00,6.623444945161637065e+00,6.521669778971499909e+00
7.950000000000000178e+00,1.310190676386273394e-10,9.876945770552768983e-03,1.172927770271342540e-02,6.585960294157601425e+00,6.435360937603320508e+00,6.579698678995008265e+00,6.573581575244290320e+00,6.474603175465013294e+00
8.000000000000000000e+00,1.308766630775509071e-10,1.100296392687947350e-02,1.315332331347748157e-02,6.557037616539453495e+00,6.389988293276189779e+00,6.529761826902138466e+00,6.523709560714230804e+00,6.427510935898098410e+00
8.050000000000000711e+00,1.307170667844879226e-10,1.225647145412282236e-02,1.474928624410759732e-02,6.529099907899265531e+00,6.344866303969965315e+00,6.480099536290239826e+00,6.474079243650649573e+00,6.380570140179600003e+00
8.099999999999999645e+00,1.305382284744086127e-10,1.365158556284483404e-02,1.653766934490057822e-02,6.502182719415813494e+00,6.300156969304985921e+00,6.431161779295109682e+00,6.425142317496579381e+00,6.333973287884134606e+00
8.150000000000000355e+00,1.303378598521498065e-10,1.520290229237887536e-02,1.854135556748867653e-02,6.476257344801609861e+00,6.255838256279034226e+00,6.383060304893788839e+00,6.377053881329480589e+00,6.287745720987068410e+00
8.199999999999999289e+00,1.301134086721294388e-10,1.692627282064957175e-02,2.078586736769217486e-02,6.451294255605347416e+00,6.211949235296572169e+00,6.335789492761918495e+00,6.329882747929978848e+00,6.242161614825604943e+00
8.250000000000000000e+00,1.298620304163297218e-10,1.884054518781102736e-02,2.329964992568952370e-02,6.427329580806230069e+00,6.168557153275230576e+00,6.289303275299992890e+00,6.283531683342076235e+00,6.197199837865284167e+00
8.300000000000000711e+00,1.295805574948270793e-10,2.096898325061870641e-02,2.611437914071595631e-02,6.404344032828674926e+00,6.125576805063118968e+00,6.243333514584897159e+00,6.237666767975788673e+00,6.152537922533340975e+00
8.349999999999999645e+00,1.292654659087057203e-10,2.333736148113852923e-02,2.926529500192959557e-02,6.382426555097730159e+00,6.083207736049864423e+00,6.197719494504980275e+00,6.192133810914192793e+00,6.108087319996585052e+00
8.400000000000000355e+00,1.289128393660212572e-10,2.597184955583206611e-02,3.279156042877386795e-02,6.361787456497125959e+00,6.041633399117031900e+00,6.152183487216923652e+00,6.146508498585120606e+00,6.063299688945249954e+00
8.449999999999999289e+00,1.285183309117662325e-10,2.890086778784638905e-02,3.673664497132431150e-02,6.342416166964746083e+00,6.000885700613906693e+00,6.106590973887477958e+00,6.100453530134821278e+00,6.017877344238513615e+00
8.500000000000000000e+00,1.280771222276137557e-10,3.215251042593635783e-02,4.114873181284920550e-02,6.324154453072111437e+00,5.961078493603501727e+00,6.061117993948961669e+00,6.054109352115844445e+00,5.972027871550835698e+00
8.550000000000000711e+00,1.275838808827209352e-10,3.576324623200813346e-02,4.608114526177727738e-02,6.306841215087644059e+00,5.922274318240816626e+00,6.016114525547969549e+00,6.007793345186236422e+00,5.925939882444033913e+00
8.599999999999999645e+00,1.270327159803672984e-10,3.977428529764816256e-02,5.159279428531347855e-02,6.290492918281167078e+00,5.884543527948849828e+00,5.971780032056528853e+00,5.961753175059996579e+00,5.879813656644905961e+00
8.650000000000000355e+00,1.264171328553009407e-10,4.422433379976534185e-02,5.774862553597726739e-02,6.275276377102485981e+00,5.848191596429245465e+00,5.928140362795147666e+00,5.916039718424912053e+00,5.833709205017399313e+00
8.699999999999999289e+00,1.257299877433351435e-10,4.915800840591216803e-02,6.462007665563541947e-02,6.261314899622426822e+00,5.813428443120393752e+00,5.885119919825491763e+00,5.870430819721313753e+00,5.787417738508516152e+00
8.750000000000000000e+00,1.249634436793087182e-10,5.462196834280434732e-02,7.228551729589938191e-02,6.248762328152373868e+00,5.780448635944345881e+00,5.842856181029773666e+00,5.825042201084059457e+00,5.741150744449939225e+00
8.800000000000000711e+00,1.241089292945363920e-10,6.066826316575052447e-02,8.083066114362261190e-02,6.237594023421856093e+00,5.749508460010176236e+00,5.801627229177356071e+00,5.780283687996039532e+00,5.695440825260547513e+00
8.849999999999999645e+00,1.231571026937356084e-10,6.735490492552086150e-02,9.034892715163050925e-02,6.227786042742323502e+00,5.720615136538874879e+00,5.761654213130917412e+00,5.736403041503500333e+00,5.650415630497050756e+00
8.900000000000000355e+00,1.220978232077485181e-10,7.474200706490802260e-02,1.009417220115015473e-01,6.219425357269827259e+00,5.693769419260021891e+00,5.722856591998699116e+00,5.693191770012028030e+00,5.605979071799730207e+00
8.949999999999999289e+00,1.209201345549134878e-10,8.288846241173722373e-02,1.127186085398518139e-01,6.212562790905515442e+00,5.669095480871440884e+00,5.685202880810535930e+00,5.650529774042347242e+00,5.561707246602821897e+00
9.000000000000000000e+00,1.196122638108092691e-10,9.186075567440345202e-02,1.257973159808938313e-01,6.207214500965186232e+00,5.646576766836844286e+00,5.648963108066780592e+00,5.608631754155972260e+00,5.517502475165656506e+00
9.050000000000000711e+00,1.181616415882525359e-10,1.017364709379027649e-01,1.403035382064614089e-01,6.203529976967523396e+00,5.626180147699507472e+00,5.614192344124454337e+00,5.567519591089009623e+00,5.473606097642679913e+00
9.099999999999999645e+00,1.165549499629372957e-10,1.125849723234531030e-01,1.563704544596136448e-01,6.201730205879279367e+00,5.607474535343534683e+00,5.579419065085716056e+00,5.525112940864282507e+00,5.427292926876184254e+00
9.150000000000000355e+00,1.147782059270166283e-10,1.244759033625174316e-01,1.741378948188204434e-01,6.201849207532880826e+00,5.589695774405093687e+00,5.543054963849215255e+00,5.479232651965944001e+00,5.375500178123957085e+00
9.199999999999999289e+00,1.128168894742958363e-10,1.374204065505104655e-01,1.937510593460281816e-01,6.204629394830973865e+00,5.575281334906598829e+00,5.510361582197830899e+00,5.436451713879343117e+00,5.325063670921906578e+00
9.250000000000000000e+00,1.106561267475665678e-10,1.514833643774838590e-01,2.153586866133209710e-01,6.210638092469920934e+00,5.565798103643572858e+00,5.484410385748688554e+00,5.400857772801344936e+00,5.281225851739804966e+00
9.300000000000000711e+00,1.082809399005543043e-10,1.668011113593169670e-01,2.391105550834436155e-01,6.219670555012697832e+00,5.559851958301045727e+00,5.462492524399266358e+00,5.369534746276507065e+00,5.241924016418948895e+00
9.349999999999999645e+00,1.056765762784553393e-10,1.834443341170848840e-01,2.651541913044333509e-01,6.231955957109597932e+00,5.557334361270655165e+00,5.444105638635733158e+00,5.341853695958654669e+00,5.206343965611935687e+00
9.400000000000000355e+00,1.028289299660212022e-10,2.014818725475571726e-01,2.936306544287745068e-01,6.247785801614924139e+00,5.558228634005018876e+00,5.428878697044147827e+00,5.317350094983531505e+00,5.173950603786408919e+00
9.449999999999999289e+00,9.972506836808128198e-11,2.209694843998319391e-01,3.246692704081737824e-01,6.267563717873464668e+00,5.562879690952485134e+00,5.417124251788003164e+00,5.296247065205498927e+00,5.144818367345244781e+00
9.500000000000000000e+00,9.635387485160884170e-11,2.419415113379258242e-01,3.583812055728981538e-01,6.291685535748868574e+00,5.571570423820872975e+00,5.409063803836346551e+00,5.278610010026390853e+00,5.118733498166228912e+00
9.550000000000000711e+00,9.270681506118946980e-11,2.644182248903602650e-01,3.948518034770919782e-01,6.320443597925013535e+00,5.584442161805519333e+00,5.404816366817200901e+00,5.264649383791216053e+00,5.096107742666575291e+00
9.599999999999999645e+00,8.877882869096429432e-11,2.884008973304964529e-01,4.341316671793437054e-01,6.354218016294126414e+00,5.601881165189112721e+00,5.404899735962231944e+00,5.255099588125908383e+00,5.078038142980418002e+00
9.650000000000000355e+00,8.456933955643718430e-11,3.138521102561112053e-01,4.762265585246148181e-01,6.393225973999385303e+00,5.624000355041580690e+00,5.409466905605079035e+00,5.250175923726267513e+00,5.064859398655734424e+00
9.699999999999999289e+00,8.008336405925097278e-11,3.407041131819220636e-01,5.210863134964769383e-01,6.437990577959340044e+00,5.651084033381884808e+00,5.418553045118883915e+00,5.249701689805228000e+00,5.056103285375456835e+00
9.750000000000000000e+00,7.533268100141639476e-11,3.688491543541182471e-01,5.685931440748227539e-01,6.489522392684769159e+00,5.684027375577443308e+00,5.432876534121383827e+00,5.254306424988769209e+00,5.052242857024253908e+00
9.800000000000000711e+00,7.033700392853883490e-11,3.981279686545838303e-01,6.185499148035983330e-01,6.548701904594864232e+00,5.724191261084712323e+00,5.454478357222328100e+00,5.266566326579727786e+00,5.056500908637083569e+00
9.849999999999999645e+00,6.512507111824065115e-11,4.283440004412226720e-01,6.706692429065801431e-01,6.616316257485067354e+00,5.772222853085466454e+00,5.483925757947162083e+00,5.287017876098715874e+00,5.069472906089778519e+00
9.900000000000000355e+00,5.973553931930450742e-11,4.592425711725747761e-01,7.245645608959415673e-01,6.693181118616138292e+00,5.828118927190118370e+00,5.520381194475035613e+00,5.314252970537836518e+00,5.089145079928854898e+00
9.949999999999999289e+00,5.421753815772774440e-11,4.904965965520757254e-01,7.797445725117090332e-01,6.780393179774655721e+00,5.892614485577652772e+00,5.564326968287197417e+00,5.348635834734366767e+00,5.115732180235660564e+00
1.000000000000000000e+01,4.863071739836351193e-11,5.217212302919774780e-01,8.356127801053515602e-01,6.879118121851703904e+00,5.966459285496348741e+00,5.616253605148671113e+00,5.390560909155304614e+00,5.149508052036416927e+00
1.005000000000000071e+01,4.304460579879069132e-11,5.524806238417134807e-01,8.914738961010798546e-01,6.990599090541635974e+00,6.050483222358799651e+00,5.676837239462237505e+00,5.440668613979333657e+00,5.191073756922854443e+00
1.009999999999999964e+01,3.753710703624059620e-11,5.823012790749586554e-01,9.465488837265807476e-01,7.116224957877356871e+00,6.145505939940612450e+00,5.746639468998047562e+00,5.499390617537791570e+00,5.240709178458878625e+00
1.015000000000000036e+01,3.219199540889865628e-11,6.106892103589198761e-01,1.000000000000000000e+00,7.257464554514037047e+00,6.252211977987968794e+00,5.825974736381908770e+00,5.566916045498054189e+00,5.298511581269288229e+00
