# log_age,instantaneous_sfr,integrated_stellar_mass,integrated_formed_mass,u,g,r,i,z
5.500000000000000000e+00,3.363314609928959146e-10,1.061562303043498144e-04,1.063629522722671806e-04,1.020357325891521327e+01,1.054486331136593691e+01,1.104557049407481628e+01,1.140382675053229633e+01,1.171483096816764657e+01
5.549999999999999822e+00,3.363271351677051022e-10,1.191073911717510338e-04,1.193404278445334078e-04,1.007815541740031051e+01,1.041945969003341332e+01,1.092016966072873174e+01,1.127843730941278011e+01,1.158945014386565475e+01
5.599999999999999645e+00,3.363222815782462941e-10,1.336337725086869557e-04,1.339011962210633685e-04,9.952261655130655527e+00,1.029357695651396654e+01,1.079428457354280368e+01,1.115257741304892392e+01,1.146360725047711782e+01
5.650000000000000355e+00,3.363168358446878871e-10,1.499244325473002336e-04,1.502383968961633624e-04,9.826147671289874097e+00,1.016744853038238006e+01,1.066813959880460772e+01,1.102646318675505910e+01,1.133751106148383059e+01
5.700000000000000178e+00,3.363107257361108947e-10,1.681961597639817347e-04,1.685687226273783351e-04,9.699335793559619390e+00,1.004063694674266571e+01,1.054130634778518782e+01,1.089967171789227507e+01,1.121074689311234351e+01
5.750000000000000000e+00,3.363038702136798187e-10,1.886889214254593226e-04,1.891352899204490551e-04,9.571843976163620482e+00,9.913157771560733522e+00,1.041379740370949492e+01,1.077221142350337146e+01,1.108332050763254983e+01
5.799999999999999822e+00,3.362961783573623118e-10,2.116724330949833676e-04,2.122108588729707391e-04,9.443552453755430065e+00,9.784898926762934934e+00,1.028550052260889913e+01,1.064396904108368602e+01,1.095511881953372324e+01
5.849999999999999645e+00,3.362875481620612152e-10,2.374524859260747443e-04,2.381014447763088037e-04,9.313984475565874277e+00,9.655419454734598617e+00,1.015598252784478461e+01,1.051451693245633834e+01,1.082572132211324600e+01
5.900000000000000355e+00,3.362778651873253406e-10,2.663638288614456084e-04,2.671503689839050777e-04,9.183531052556062946e+00,9.525075043069890057e+00,1.002559080136977343e+01,1.038419318696932692e+01,1.069545522118121994e+01
5.950000000000000178e+00,3.362670010428930757e-10,2.987853934992919409e-04,2.997428022806590932e-04,9.051997618361795617e+00,9.393680652345487658e+00,9.894142852599060234e+00,1.025281586031879044e+01,1.056413901769398933e+01
6.000000000000000000e+00,3.362548116901911995e-10,3.351398809647706742e-04,3.363108603862553889e-04,8.919246965054291820e+00,9.261098511322430227e+00,9.761503478489771624e+00,1.012024959811071056e+01,1.043163514049160057e+01
6.049999999999999822e+00,3.362411355375255976e-10,3.759014634511823158e-04,3.773393183831896315e-04,8.784992777188868729e+00,9.127048538040433812e+00,9.627409230276732899e+00,9.986239047738536101e+00,1.029769031190006245e+01
6.099999999999999645e+00,3.362257913040335868e-10,4.216078333186705821e-04,4.233720188591539690e-04,8.648461360467571524e+00,8.990798786505848739e+00,9.491156806249762212e+00,9.850100724646530637e+00,1.016163460900203575e+01
6.150000000000000355e+00,3.362085756244888758e-10,4.728517353925528323e-04,4.750190574934287191e-04,8.509295888624521353e+00,8.851988380177218119e+00,9.352381352471958564e+00,9.711472395935409452e+00,1.002310556933652208e+01
6.200000000000000178e+00,3.361892603637229642e-10,5.302918797310228471e-04,5.329648397909720345e-04,8.366952689931729026e+00,8.710053554095459560e+00,9.210465797553766265e+00,9.569710044967628448e+00,9.881439993433559721e+00
6.250000000000000000e+00,3.361675896057175422e-10,5.946574630198308729e-04,5.979771138074227660e-04,8.220338372705668917e+00,8.563858550516911805e+00,9.064146453092789102e+00,9.423472276556857707e+00,9.735235652009464502e+00
6.299999999999999822e+00,3.361432762782788540e-10,6.667556769427040357e-04,6.709170961234686009e-04,8.065761138321342116e+00,8.409567066434810556e+00,8.909400051569662082e+00,9.268630293493956174e+00,9.580265290043968207e+00
6.349999999999999645e+00,3.361159983696005328e-10,7.474743351617444201e-04,7.527508221582534251e-04,7.899390082924014678e+00,8.243104904139876510e+00,8.741799945714909370e+00,9.100848837700894478e+00,9.412125865915676570e+00
6.400000000000000355e+00,3.360853946878800272e-10,8.377776727446456344e-04,8.445618673199099770e-04,7.725767987684740490e+00,8.068989263627301511e+00,8.565594591100989419e+00,8.924486083170023676e+00,9.235201120772174477e+00
6.450000000000000178e+00,3.360510601094509975e-10,9.387463099562930137e-04,9.475656026068789324e-04,7.540711588703572943e+00,7.882468333365785895e+00,8.375821612348339329e+00,8.734920839872010845e+00,9.044847791648052748e+00
6.500000000000000000e+00,3.360125402545509822e-10,1.051576474912754551e-03,1.063125167307015298e-03,7.348297814545531992e+00,7.685551516459838695e+00,8.175067737084354746e+00,8.533634316508340589e+00,8.842018929298156138e+00
6.549999999999999822e+00,3.359693255228082574e-10,1.177613389679268768e-03,1.192769362535114766e-03,7.173218042877529399e+00,7.494647920957561382e+00,7.975181915033736857e+00,8.327911901854946564e+00,8.627016747857489065e+00
6.599999999999999645e+00,3.359208444127454553e-10,1.317992229105611037e-03,1.338212692723651743e-03,7.011537535938316523e+00,7.307251753768291280e+00,7.776176548207672568e+00,8.120632273727437678e+00,8.408488154820375371e+00
6.650000000000000355e+00,3.358664560409798414e-10,1.474456448248529297e-03,1.501377808020408315e-03,6.864458615717438761e+00,7.131516312675806546e+00,7.590338381538636270e+00,7.926750775800002202e+00,8.205407640140975900e+00
6.700000000000000178e+00,3.358054417673012148e-10,1.649511173162493231e-03,1.684420629056301898e-03,6.744905481952471860e+00,6.991211660503388714e+00,7.441063896532234878e+00,7.769357477708418003e+00,8.038964008167411635e+00
6.750000000000000000e+00,3.357369958213435860e-10,1.844791581639311073e-03,1.889758466929090290e-03,6.638763313348881923e+00,6.864257302485064827e+00,7.298683280014508057e+00,7.612915396754964092e+00,7.865537394308120156e+00
6.799999999999999822e+00,3.356602148150846873e-10,2.061814404481751833e-03,2.120101485705856281e-03,6.536561011288306133e+00,6.727560551843481562e+00,7.136433456987454349e+00,7.426616592295637531e+00,7.649188754421970771e+00
6.849999999999999645e+00,3.355740860128394499e-10,2.303032459387747456e-03,2.378487892441582315e-03,6.444694729308729109e+00,6.590032322186551994e+00,6.967646426151979711e+00,7.229703703604478449e+00,7.417077333645046622e+00
6.900000000000000355e+00,3.354774742167115916e-10,2.571263641083794405e-03,2.668323280825100809e-03,6.369978410529199664e+00,6.473478922070853514e+00,6.808203922838593769e+00,7.033246139416974074e+00,7.181142683169682073e+00
6.950000000000000178e+00,3.353691071105954785e-10,2.869465256170375140e-03,2.993424599173444972e-03,6.311615793700575239e+00,6.395218802379339706e+00,6.689557356892173345e+00,6.870470097781407048e+00,6.969832976818906900e+00
7.000000000000000000e+00,3.352475588897607596e-10,3.201091547011657851e-03,3.358069261677636575e-03,6.260559493330660530e+00,6.336057619291651122e+00,6.605030881937821619e+00,6.747911077342010344e+00,6.800762637924840703e+00
7.049999999999999822e+00,3.351112319858228808e-10,3.570016913366124995e-03,3.767049973491349343e-03,6.211615521918403715e+00,6.276949406071651083e+00,6.527345043962704096e+00,6.641756787358282565e+00,6.660215123898574063e+00
7.099999999999999645e+00,3.349583366785531313e-10,3.980407528816968556e-03,4.225735895300601445e-03,6.165385758208415723e+00,6.218115909095359939e+00,6.454777870565202136e+00,6.546942026655131031e+00,6.538019783556194398e+00
7.150000000000000355e+00,3.347868683666349493e-10,4.436950668146753471e-03,4.740140831055064501e-03,6.121782444851731952e+00,6.162465134309783821e+00,6.389347503429810615e+00,6.464478086957512915e+00,6.434198381215452400e+00
7.200000000000000178e+00,3.345945822493041718e-10,4.945059016297251656e-03,5.316999183047439390e-03,6.080524831219399573e+00,6.111228415008262971e+00,6.329374851335309415e+00,6.389919324260532107e+00,6.341969900975357177e+00
7.250000000000000000e+00,3.343789651501186278e-10,5.510598862962966943e-03,5.963850480604164679e-03,6.041817786748048036e+00,6.063957234689020481e+00,6.273404152975672332e+00,6.319353302162113550e+00,6.254287308287864278e+00
7.299999999999999822e+00,3.341372041932966099e-10,6.140011140250930567e-03,6.689133351070021029e-03,6.005005819222873242e+00,6.019756664286958880e+00,6.221889892812050959e+00,6.255189409517349475e+00,6.175794647946013072e+00
7.349999999999999645e+00,3.338661520227310345e-10,6.840744855810140801e-03,7.502289862766904453e-03,5.969294764466745562e+00,5.976435684274477467e+00,6.172290007833652226e+00,6.195621952045442526e+00,6.105603109880021861e+00
7.400000000000000355e+00,3.335622882347251251e-10,7.620942507125093128e-03,8.413881226784521508e-03,5.934590644799939696e+00,5.933080844148534538e+00,6.122573348892125011e+00,6.137132843501802881e+00,6.038416627559577421e+00
7.450000000000000178e+00,3.332216766787875889e-10,8.489367706766660221e-03,9.435715894597072537e-03,5.900968736550687765e+00,5.889909201113049164e+00,6.073124558617571722e+00,6.079938724004762207e+00,5.974042356543797894e+00
7.500000000000000000e+00,3.328399182678789539e-10,9.455788694856668425e-03,1.058099112732309964e-02,5.868493070754908558e+00,5.847509917342080143e+00,6.025399133043144673e+00,6.026367908823019093e+00,5.915445317319878882e+00
7.549999999999999822e+00,3.324120989321923304e-10,1.053167326190245119e-02,1.186444913438293620e-02,5.836513226995400316e+00,5.804840379527092864e+00,5.978459266936340555e+00,5.975686159782590323e+00,5.862105485492925538e+00
7.599999999999999645e+00,3.319327323512767855e-10,1.172977575705873299e-02,1.330254887712958335e-02,5.804375459224836220e+00,5.760395687966124001e+00,5.930113036497488110e+00,5.924749294531999055e+00,5.810025818877981862e+00
7.650000000000000355e+00,3.313956971111598959e-10,1.306355520175923705e-02,1.491365459748021129e-02,5.772148867091765112e+00,5.714436658818634385e+00,5.880626075936511654e+00,5.873688935678728740e+00,5.759090776861690131e+00
7.700000000000000178e+00,3.307941679600316970e-10,1.454783825603253415e-02,1.671824205086478929e-02,5.739965157671264251e+00,5.667299984554588832e+00,5.830287447179856031e+00,5.822859074036102811e+00,5.709651365268669565e+00
7.750000000000000000e+00,3.301205408829623850e-10,1.619906352783902909e-02,1.873912328207273312e-02,5.708016566981278572e+00,5.619588060139690811e+00,5.779463169652274246e+00,5.772425232664971873e+00,5.661748719537655461e+00
7.799999999999999822e+00,3.293663517892607301e-10,1.803543130254632934e-02,2.100169056317782376e-02,5.676711386406225301e+00,5.572374500859723412e+00,5.728725654944156531e+00,5.722219848019364008e+00,5.614552531100301280e+00
7.849999999999999645e+00,3.285221887131520232e-10,2.007690255911907112e-02,2.353417979150390638e-02,5.646387268420056671e+00,5.526185294827136829e+00,5.678511328625049259e+00,5.672172372501051996e+00,5.567448825015340219e+00
7.900000000000000355e+00,3.275775975789954065e-10,2.234540223430046824e-02,2.636795319397365958e-02,5.617274407542659276e+00,5.481283023403307197e+00,5.629500709709247985e+00,5.623141185355891025e+00,5.521281547983420523e+00
7.950000000000000178e+00,3.265209817879141854e-10,2.486550908444997571e-02,2.953780056721736977e-02,5.589406042679712527e+00,5.437459795174568455e+00,5.581373037610902088e+00,5.575044680933181951e+00,5.476022526635979659e+00
8.000000000000000000e+00,3.253394961576088268e-10,2.766437219641193837e-02,3.308225745813347940e-02,5.562719468770893627e+00,5.394102842641935069e+00,5.533400874368822997e+00,5.527148176355041187e+00,5.430949231681410083e+00
8.050000000000000711e+00,3.240189361082026582e-10,3.077122557579769005e-02,3.704393760635200927e-02,5.537303330289091718e+00,5.351241509426493792e+00,5.485942132958456341e+00,5.479731289669949490e+00,5.386267176506152055e+00
8.099999999999999645e+00,3.225436234543212832e-10,3.421796380568668805e-02,4.146987556799594521e-02,5.513230100943289358e+00,5.309070640863772894e+00,5.439484443607767616e+00,5.433283250628079486e+00,5.342201542431624262e+00
8.150000000000000355e+00,3.208962907607145457e-10,3.803672869012371394e-02,4.641187364881640270e-02,5.490511102445275071e+00,5.267601312784805145e+00,5.394175726681417871e+00,5.387996185591440224e+00,5.298811282440986759e+00
8.199999999999999289e+00,3.190579669725611304e-10,4.226166816675244742e-02,5.192684501327653190e-02,5.469161716562524589e+00,5.226911379432124249e+00,5.350049172594779634e+00,5.343979604597819844e+00,5.256414644908282696e+00
8.250000000000000000e+00,3.170078679724621327e-10,4.693308451951080928e-02,5.807714201357361966e-02,5.449270240133806453e+00,5.187111944824025045e+00,5.307100347049470201e+00,5.301176918387774606e+00,5.215032264694933417e+00
8.300000000000000711e+00,3.147232968770948259e-10,5.210068596240751554e-02,6.493085529967543290e-02,5.430874221214580189e+00,5.148162683947610674e+00,5.265101206924548194e+00,5.259292656535464516e+00,5.174379770812109314e+00
8.349999999999999645e+00,3.121795603021960705e-10,5.781828139687144458e-02,7.256206502437179129e-02,5.414130581100621953e+00,5.110322709546657904e+00,5.223937288604091123e+00,5.218218972977815895e+00,5.134416468361848729e+00
8.400000000000000355e+00,3.093499085290290947e-10,6.413789466664909789e-02,8.105102034387259846e-02,5.399331987905654273e+00,5.073842465391194878e+00,5.183376866663842009e+00,5.177571611511176286e+00,5.094628390407912377e+00
8.449999999999999289e+00,3.062055095287957638e-10,7.111386575227815476e-02,9.048421734457257060e-02,5.386550842028810848e+00,5.038823331993015131e+00,5.143340332339555232e+00,5.137058003934399153e+00,5.054763071608618930e+00
8.500000000000000000e+00,3.027154691642862423e-10,7.879556275733701209e-02,1.009543384381012127e-01,5.375713482502987972e+00,5.005461156679565704e+00,5.104078924826197294e+00,5.096888758359519045e+00,5.015099629068636489e+00
8.550000000000000711e+00,2.988469125940618146e-10,8.724864568503699902e-02,1.125600081487744819e-01,5.366750541090176796e+00,4.973907616032455792e+00,5.066036697654013210e+00,5.057469008584597248e+00,4.975906438373016272e+00
8.599999999999999645e+00,2.945651449291684522e-10,9.654455176159176810e-02,1.254053111434545176e-01,5.359791717211372486e+00,4.944333894727165557e+00,5.029511868007475073e+00,5.019142993068385294e+00,4.937474496663213586e+00
8.650000000000000355e+00,2.898339124681796825e-10,1.067408915123949364e-01,1.395990085264208480e-01,5.355141678328699584e+00,4.917175378973205113e+00,4.994629463299062877e+00,4.982056328621446539e+00,4.899955699621131089e+00
8.699999999999999289e+00,2.846157892324260301e-10,1.179013290056292879e-01,1.552533782336817936e-01,5.353076460768093625e+00,4.892782732564704418e+00,4.961415791683187138e+00,4.946070825774945945e+00,4.863221530129152370e+00
8.750000000000000000e+00,2.788727168197926809e-10,1.300839520493483059e-01,1.724825954715818732e-01,5.353924846663133508e+00,4.871509798083266674e+00,4.930138248686425584e+00,4.911420490147904161e+00,4.827606124135549237e+00
8.800000000000000711e+00,2.725667284520171305e-10,1.433477788481494486e-01,1.914005605749085070e-01,5.357837939477512634e+00,4.853799422942245201e+00,4.901233600842665794e+00,4.878675112506968503e+00,4.793809780487393368e+00
8.849999999999999645e+00,2.656608900086888345e-10,1.577517238499799301e-01,2.121180759048934827e-01,5.364985167187079185e+00,4.839841496745208360e+00,4.875096158730563900e+00,4.848246363131345049e+00,4.762108185963015217e+00
8.900000000000000355e+00,2.581204911246776657e-10,1.733421388845930722e-01,2.347392725569270033e-01,5.375681624885167764e+00,4.829838474302029283e+00,4.851799905620502784e+00,4.820051426301382946e+00,4.732540693433023193e+00
8.949999999999999289e+00,2.499145171428385914e-10,1.901415503589793110e-01,2.593571945024441550e-01,5.390223898341616859e+00,4.824154171250889078e+00,4.831487397969219444e+00,4.794113755689700440e+00,4.704777758745073868e+00
9.000000000000000000e+00,2.410174266609663318e-10,2.081682125464853206e-01,2.860484659480608816e-01,5.408890091590322413e+00,4.823013302188073226e+00,4.814662382844254296e+00,4.770849000636964377e+00,4.678863143796881729e+00
9.050000000000000711e+00,2.314112481212384426e-10,2.274411767548290553e-01,3.148670015672445643e-01,5.432143607781206640e+00,4.826640711768270364e+00,4.801599477023700047e+00,4.750463505502999340e+00,4.655238222344323162e+00
9.099999999999999645e+00,2.210879906631286981e-10,2.479279736332358763e-01,3.458367739415738051e-01,5.460568318995633774e+00,4.834784775988154593e+00,4.790730886739041239e+00,4.730627553093469828e+00,4.630778536617299324e+00
9.150000000000000355e+00,2.100523374879135307e-10,2.695640865844577960e-01,3.789437334672193791e-01,5.494542713728094441e+00,4.846756217520280074e+00,4.780265140620933551e+00,4.708786332562304722e+00,4.601817670066296273e+00
9.199999999999999289e+00,1.983245525788812431e-10,2.921028323762165924e-01,4.141270881943162063e-01,5.535424109331763987e+00,4.865975449475044456e+00,4.777012626230067838e+00,4.693280959545987230e+00,4.576936157180611531e+00
9.250000000000000000e+00,1.859434826204405832e-10,3.154058532970627216e-01,4.512702980696382538e-01,5.584419693660485962e+00,4.894905581378928616e+00,4.785262338588651687e+00,4.689596275482045939e+00,4.562980892354794094e+00
9.300000000000000711e+00,1.729694753183560319e-10,3.394754311860524454e-01,4.901923199758919103e-01,5.641729170552508776e+00,4.932167030456568568e+00,4.801947927700474850e+00,4.694403131563973375e+00,4.557693022460632903e+00
9.349999999999999645e+00,1.594869649579199353e-10,3.641110505525901320e-01,5.306398510572001292e-01,5.708175348950334183e+00,4.978038495089045057e+00,4.826762452841407480e+00,4.707204831964794778e+00,4.560310249517442571e+00
9.400000000000000355e+00,1.456064008730469677e-10,3.890784499796021700e-01,5.722815433118191297e-01,5.784711707795388236e+00,5.032907499084529945e+00,4.859516989387159924e+00,4.727666975835013830e+00,4.570391655067631120e+00
9.449999999999999289e+00,1.314651236327584222e-10,4.140900628913891657e-01,6.147053750326846311e-01,5.872512937747117689e+00,5.097689967169046099e+00,4.900957266510218346e+00,4.756363462225237981e+00,4.588260625918024971e+00
9.500000000000000000e+00,1.172267414654740126e-10,4.387984597131033282e-01,6.574205215345378939e-01,5.972779814496334438e+00,5.173190497789022402e+00,4.951656154441046453e+00,4.793587430032303587e+00,4.613759557272416600e+00
9.550000000000000711e+00,1.030785456315412578e-10,4.628355162119613397e-01,6.998651090363361416e-01,6.086524932969702206e+00,5.259913693465556150e+00,5.011951676537172773e+00,4.839780081242288645e+00,4.647598955575467983e+00
9.599999999999999645e+00,8.922655277701077559e-11,4.858232371048220588e-01,7.414210875999276418e-01,6.214870894098631027e+00,5.358688284235014976e+00,5.082758966114099053e+00,4.896187797434571110e+00,4.691593515384759883e+00
9.650000000000000355e+00,7.588790117121286026e-11,5.073562742398523007e-01,7.814370424173213703e-01,6.358418318174905437e+00,5.469604456956915328e+00,5.164171668540149085e+00,4.963027900641094448e+00,4.746182663931300283e+00
9.699999999999999289e+00,6.328057828413789529e-11,5.270607511369870268e-01,8.192590110785461510e-01,6.518231319040026506e+00,5.592812999010945418e+00,5.255798998331023597e+00,5.039562433740194081e+00,4.810156036630544918e+00
9.750000000000000000e+00,5.161082772151253103e-11,5.446074684530376464e-01,8.542682627664223149e-01,6.696384634402619440e+00,5.729502183821509220e+00,5.358325460229210080e+00,5.126318343771664843e+00,4.883762197403875405e+00
9.800000000000000711e+00,4.105905621177203014e-11,5.597248297627366309e-01,8.859235772956438604e-01,6.894436695529535086e+00,5.881914540654982204e+00,5.475397138477390513e+00,5.228057143468483048e+00,4.973064853639030503e+00
9.849999999999999645e+00,3.176557933558633872e-11,5.722693791446703537e-01,9.138040079242009117e-01,7.113115934770497972e+00,6.049907188573911299e+00,5.606754024551008797e+00,5.344541553054213523e+00,5.078025436005702886e+00
9.900000000000000355e+00,2.381800462655701153e-11,5.821949072162456718e-01,9.376467320512889003e-01,7.352351201343530818e+00,6.230539032175265390e+00,5.747837652377235429e+00,5.470213362114932920e+00,5.192027113881813705e+00
9.949999999999999289e+00,1.724230769955940773e-11,5.895362577612049959e-01,9.573738228322816735e-01,7.611913440736152836e+00,6.421904123176275903e+00,5.896587054377697257e+00,5.602987442826133702e+00,5.312814358854488717e+00
1.000000000000000000e+01,1.199955109901616391e-11,5.944432660830371029e-01,9.731020926339114530e-01,7.890266580461712920e+00,6.621038360858165106e+00,6.050311889492704154e+00,5.740354267887816775e+00,5.437876642813066042e+00
1.005000000000000071e+01,7.989602905974885369e-12,5.971697947997720579e-01,9.851319372130352692e-01,8.184028828999444727e+00,6.824126416982331023e+00,6.206329728991903494e+00,5.880054983763322696e+00,5.565182961366652137e+00
1.009999999999999964e+01,5.062115782270830976e-12,5.980517233352585782e-01,9.939143985841474294e-01,8.488064041169394613e+00,7.026575727165251806e+00,6.361407572404687016e+00,6.019092416157093339e+00,5.691721184923629551e+00
1.015000000000000036e+01,3.033581976986616023e-12,5.974707044706052406e-01,1.000000000000000000e+00,8.794896264869549896e+00,7.222880249971176170e+00,6.511532611208643573e+00,6.153810421833519229e+00,5.814106432483939102e+00
