# log_age,instantaneous_sfr,integrated_stellar_mass,integrated_formed_mass,u,g,r,i,z
5.500000000000000000e+00,9.996845555433802483e-10,3.155634947106819663e-04,3.161780032180248803e-04,9.020720086316444508e+00,9.362010138767175249e+00,9.862717321476054622e+00,1.022097357793353467e+01,1.053197779556888491e+01
5.549999999999999822e+00,9.996459828359651938e-10,3.540579867234030869e-04,3.547507106329904174e-04,8.895316161805055799e+00,9.236620435996300671e+00,9.737330406997109833e+00,1.009559805692946099e+01,1.040661089232651904e+01
5.599999999999999645e+00,9.996027053182175144e-10,3.972332950692511878e-04,3.980282283807901143e-04,8.769437964734969171e+00,9.110753268736502264e+00,9.611460885723886349e+00,9.969753729336986225e+00,1.028078356961972872e+01
5.650000000000000355e+00,9.995541493751204747e-10,4.456509032779388461e-04,4.465841714777974347e-04,8.643341425908261044e+00,8.984642285368501291e+00,9.485333351523806300e+00,9.843656947226463672e+00,1.015470482689580933e+01
5.700000000000000178e+00,9.994996715187609801e-10,4.999545864438605320e-04,5.010620278372611772e-04,8.516549028048807202e+00,8.857850181735159367e+00,9.358519577545003187e+00,9.716884960811263738e+00,1.002796014453539186e+01
5.750000000000000000e+00,9.994385498932694719e-10,5.608568412679036316e-04,5.621836533287537891e-04,8.389078979159378946e+00,8.730392777045608455e+00,9.231032399522504761e+00,9.589446439116947829e+00,9.900555536450028171e+00
5.799999999999999822e+00,9.993699747511547333e-10,6.291583689158415562e-04,6.307587954436856721e-04,8.260811760945983906e+00,8.602158242473521454e+00,9.102759822633807119e+00,9.461228368919677223e+00,9.772378166753718176e+00
5.849999999999999645e+00,9.992930377775783486e-10,7.057668240825838886e-04,7.076957690198914337e-04,8.131270831644840769e+00,8.472705837067678658e+00,8.973268888204081861e+00,9.331803331293208714e+00,9.643007749607519941e+00
5.900000000000000355e+00,9.992067201245861953e-10,7.916755779467926765e-04,7.940134220121220681e-04,8.000847625343730840e+00,8.342391664553019837e+00,8.842907392246907250e+00,9.201509827826576782e+00,9.512771900896119348e+00
5.950000000000000178e+00,9.991098790011344936e-10,8.880088853149344531e-04,8.908545454639114035e-04,7.869347893022890617e+00,8.211031006813122701e+00,8.711493165972449049e+00,9.070166236469582088e+00,9.381489444303852565e+00
6.000000000000000000e+00,9.990012326467933570e-10,9.960205344072578341e-04,9.995008998049254023e-04,7.736634812127462624e+00,8.078486478173502405e+00,8.578891392208653599e+00,8.937637588710579450e+00,9.249023193919178709e+00
6.049999999999999822e+00,9.988793434970540268e-10,1.117116592500088301e-03,1.121390049544182012e-03,7.602422419794429231e+00,7.944478353601262199e+00,8.444838984654808201e+00,8.803668897528353909e+00,9.115120238763601890e+00
6.099999999999999645e+00,9.987425993260618420e-10,1.252891033741629183e-03,1.258134220536421535e-03,7.465937247678311905e+00,7.808274929322237767e+00,8.308632894478122921e+00,8.667576938833242650e+00,8.979110921401911583e+00
6.150000000000000355e+00,9.985891921281378878e-10,1.405100325504945969e-03,1.411541418460576401e-03,7.326822849735592058e+00,7.669515710768500583e+00,8.169908649434120207e+00,8.528999863704548545e+00,8.840633163977415165e+00
6.200000000000000178e+00,9.984170944724315837e-10,1.575695571345304621e-03,1.583639074166699225e-03,7.184535876590750547e+00,7.527637249588813972e+00,8.028049471743415211e+00,8.387293938098693502e+00,8.699024041471631108e+00
6.250000000000000000e+00,9.982240330352789300e-10,1.766835576604832477e-03,1.776700511319470252e-03,7.037982986583102729e+00,7.381503819091534524e+00,7.881791638403626621e+00,8.241117692883364043e+00,8.552881219429103510e+00
6.299999999999999822e+00,9.980074589821031849e-10,1.980908700560813328e-03,1.993274564495138308e-03,6.883470909268915250e+00,7.227277560747943141e+00,7.727110216771677642e+00,8.086340603474653221e+00,8.397975657457116938e+00
6.349999999999999645e+00,9.977645148348441135e-10,2.220540078735951366e-03,2.236218711754197567e-03,6.717166995055514178e+00,7.060882375176589676e+00,7.559576432055621353e+00,7.918625338596854135e+00,8.229902195749716043e+00
6.400000000000000355e+00,9.974919974217070360e-10,2.488578407395364376e-03,2.508736124891342185e-03,6.543617739919042720e+00,6.886839159351950457e+00,7.383442247501022848e+00,7.742333647609683567e+00,8.053048165028748429e+00
6.450000000000000178e+00,9.971863164634286773e-10,2.788213845680839482e-03,2.814417083169758454e-03,6.358637115061803513e+00,6.700392896019096156e+00,7.193741925366268219e+00,7.552841235999942171e+00,7.862767180049907267e+00
6.500000000000000000e+00,9.968434483041171065e-10,3.122974553318993204e-03,3.157285242481259156e-03,6.166306695025262741e+00,6.503555969627356603e+00,6.993065650769118236e+00,7.351631848913832812e+00,7.660014404266320298e+00
6.549999999999999822e+00,9.964588842450843531e-10,3.496824527768518064e-03,3.541849301513895574e-03,5.991340222742422839e+00,6.312752219879747884e+00,6.793272856770990131e+00,7.145997409510840725e+00,7.445092478703351446e+00
6.599999999999999645e+00,9.960275728870314125e-10,3.913094486729576556e-03,3.973160659566913992e-03,5.829800231578261105e+00,6.125474091111101416e+00,6.594376797009005031e+00,6.938820365717617733e+00,7.226658061617911244e+00
6.650000000000000355e+00,9.955438558297291205e-10,4.376912767101171810e-03,4.456877716869147091e-03,5.682895151911324660e+00,5.949886304034244233e+00,6.408678927089525246e+00,6.745072696610904472e+00,7.023704941071869712e+00
6.700000000000000178e+00,9.950013960194121002e-10,4.895657709647929269e-03,4.999337527186125882e-03,5.563569938813394344e+00,5.809790953008388215e+00,6.259606470845241688e+00,6.587874173290458657e+00,6.857448952445174939e+00
6.750000000000000000e+00,9.943930979731662434e-10,5.474103716814826374e-03,5.607635573431988228e-03,5.457697433346069715e+00,5.683083111850748992e+00,6.117454156075204708e+00,6.431643860065733520e+00,6.684215229625536381e+00
6.799999999999999822e+00,9.937110190477088044e-10,6.116652255363380815e-03,6.289714498889431571e-03,5.355798320034537596e+00,5.546640700473879804e+00,5.955424087084864482e+00,6.245533589792863438e+00,6.468019019956564364e+00
6.849999999999999645e+00,9.929462708586139916e-10,6.830461428913970658e-03,7.054462687984299797e-03,5.264287707744891520e+00,5.409392151778256164e+00,5.786871029124782240e+00,6.048817655452431552e+00,6.236063259180681939e+00
6.900000000000000355e+00,9.920889098973017401e-10,7.623741243743752463e-03,7.911823649296637409e-03,5.190005655781092742e+00,5.293196161279972500e+00,5.627711470355450274e+00,5.852587806760794820e+00,6.000309286561616773e+00
6.950000000000000178e+00,9.911278163397705366e-10,8.505074741273493596e-03,8.872917206827798942e-03,5.132169064928433500e+00,5.215427410332836189e+00,5.509475810993372136e+00,5.690144524436789197e+00,5.789262020544491349e+00
7.000000000000000000e+00,9.900505599968558049e-10,9.484470616082254710e-03,9.950173549742499443e-03,5.081718747874084841e+00,5.156862799801629649e+00,5.425490166133734249e+00,5.568048540064047813e+00,5.620576948488036351e+00
7.049999999999999822e+00,9.888432523256109215e-10,1.057312191738369114e-02,1.115748122098736590e-02,5.033454804457065279e+00,5.098412633944178651e+00,5.348418947906338872e+00,5.462446086678340862e+00,5.480520651863230341e+00
7.099999999999999645e+00,9.874903834116321000e-10,1.178300856037679985e-02,1.251035013496620309e-02,4.987992607083832297e+00,5.040307922883258129e+00,5.276547637856637607e+00,5.368273785565875755e+00,5.358914254148032796e+00
7.150000000000000355e+00,9.859746428509518573e-10,1.312755950676604277e-02,1.402609069564649848e-02,4.945256630743237736e+00,4.985480670642466805e+00,5.211917242820625518e+00,5.286564856966158743e+00,5.255800755079135911e+00
7.200000000000000178e+00,9.842767235180035970e-10,1.462223502361423288e-02,1.572401002859466143e-02,4.904978902239164995e+00,4.935183108817106756e+00,5.152857426080799996e+00,5.212873451004533365e+00,5.164393805809829985e+00
7.250000000000000000e+00,9.823751073163582989e-10,1.628368755272208146e-02,1.762562623023997480e-02,4.867381693640041362e+00,4.888981956139510032e+00,5.097922610193045045e+00,5.143286173268812433e+00,5.077634350099870630e+00
7.299999999999999822e+00,9.802458321881216792e-10,1.813008401120307089e-02,1.975490135847656273e-02,4.831822366111275358e+00,4.845994916727633495e+00,5.047589405531937246e+00,5.080246446924221004e+00,5.000212743296970075e+00
7.349999999999999645e+00,9.778622399268725011e-10,2.018234623813883535e-02,2.213849361972575550e-02,4.797518904552163121e+00,4.804032347565311056e+00,4.999316532414553649e+00,5.021957634841072604e+00,4.931258587459922182e+00
7.400000000000000355e+00,9.751947047235367909e-10,2.246315582968937130e-02,2.480602882306145313e-02,4.764396534281324591e+00,4.762190516634035475e+00,4.951074071925525288e+00,4.964895342071550033e+00,4.865462857473616509e+00
7.450000000000000178e+00,9.722103429062793962e-10,2.499666710391663244e-02,2.779039064031893144e-02,4.732554006663953317e+00,4.720707884521949893e+00,4.903268979061365940e+00,4.909298317395766276e+00,4.802653925377484256e+00
7.500000000000000000e+00,9.688727050528311356e-10,2.780955735061795692e-02,3.112802849376723746e-02,4.702081737665558592e+00,4.680203233466869506e+00,4.857396767009895200e+00,4.857546261466914927e+00,4.745856855430766075e+00
7.549999999999999822e+00,9.651414526030696475e-10,3.093297946819017000e-02,3.485928094352865048e-02,4.672347481310779926e+00,4.639643302628627453e+00,4.812532582885630461e+00,4.808925189099632291e+00,4.694579821731061031e+00
7.599999999999999645e+00,9.609720223364797365e-10,3.440118993450964890e-02,3.902871121011854127e-02,4.642715717452688295e+00,4.597523401843403690e+00,4.766477571549579295e+00,4.760277120832078879e+00,4.644808743957248964e+00
7.650000000000000355e+00,9.563152836684450251e-10,3.824965051472663941e-02,4.368544987815325964e-02,4.613287737521623910e+00,4.554132198560594702e+00,4.719525926166362240e+00,4.711763432068984514e+00,4.596458863093459968e+00
7.700000000000000178e+00,9.511171957366206048e-10,4.251679023399469043e-02,4.888353780997771458e-02,4.584232819792639191e+00,4.509839880085756647e+00,4.671999945010796296e+00,4.663776167615665713e+00,4.549924116483886394e+00
7.750000000000000000e+00,9.453184737795832340e-10,4.724447368306597395e-02,5.468225976701514279e-02,4.555787476587191520e+00,4.465294337824843751e+00,4.624305747243838027e+00,4.616520471748920329e+00,4.505288341960863363e+00
7.799999999999999822e+00,9.388542774494253483e-10,5.247812819644499804e-02,6.114645609717286184e-02,4.528417000702582129e+00,4.421635691012554048e+00,4.577067640702210838e+00,4.569865009822116519e+00,4.461746619129051794e+00
7.849999999999999645e+00,9.316539375493750285e-10,5.826635440239209124e-02,6.834679599722323640e-02,4.502522849868910271e+00,4.379452375858484459e+00,4.530778549174044656e+00,4.523781767849328617e+00,4.418715542461313817e+00
7.900000000000000355e+00,9.236407423499123959e-10,6.466106022851228485e-02,7.635999119668582247e-02,4.478405248627247204e+00,4.339071799356048587e+00,4.486193647507654703e+00,4.479207485573581948e+00,4.377117245636213738e+00
7.950000000000000178e+00,9.147318102085849673e-10,7.171893757735103847e-02,8.526892333801337764e-02,4.456168875382260808e+00,4.300340410835573834e+00,4.443039619927404260e+00,4.436116096051705426e+00,4.336981916843335227e+00
8.000000000000000000e+00,9.048380817763696190e-10,7.950050944836138667e-02,9.516265177022877053e-02,4.435827024094301407e+00,4.262687767991330645e+00,4.400624516153818888e+00,4.393808865484551518e+00,4.297624486785956321e+00
8.050000000000000711e+00,8.938644726545111052e-10,8.806785465846043992e-02,1.061362608920871919e-01,4.417560509236530208e+00,4.226216103611896813e+00,4.359390421782563863e+00,4.352646180069875470e+00,4.259328781824109456e+00
8.099999999999999645e+00,8.817102359404911844e-10,9.748532345143179345e-02,1.182904976061071728e-01,4.401544760705490944e+00,4.191210554650979248e+00,4.319929394172355330e+00,4.313221332257789697e+00,4.222409758271375324e+00
8.150000000000000355e+00,8.682695935343503085e-10,1.078111985833514058e-01,1.317311400122480602e-01,4.387902130493223751e+00,4.157771937952702501e+00,4.282488146903105530e+00,4.275827769434698666e+00,4.187017578658306149e+00
8.199999999999999289e+00,8.534327050724506537e-10,1.191016348133003278e-01,1.465680284741477657e-01,4.376772140399289412e+00,4.126083010777179538e+00,4.247204934045520019e+00,4.240685665955986394e+00,4.153591077281745925e+00
8.250000000000000000e+00,8.370870533931206620e-10,1.314213322174573595e-01,1.629136801534777079e-01,4.368387138445108064e+00,4.096372695275718456e+00,4.214186569397412541e+00,4.207846757938767723e+00,4.122262482571592557e+00
8.300000000000000711e+00,8.191193346823506458e-10,1.448511790182040460e-01,1.808813988642476445e-01,4.362940522174461933e+00,4.068718890415723877e+00,4.183309003181101104e+00,4.177114676351308731e+00,4.092845394578759510e+00
8.349999999999999645e+00,7.994179486455850985e-10,1.594699946547115943e-01,2.005827849010131392e-01,4.360776054398087354e+00,4.043539666923820164e+00,4.154576507490055803e+00,4.148500576510834037e+00,4.065422579521538182e+00
8.400000000000000355e+00,7.778761874178573780e-10,1.753346616794773938e-01,2.221245461287409406e-01,4.362413928300007626e+00,4.021262749875553766e+00,4.127870721697419754e+00,4.121715498276564915e+00,4.039557950839750333e+00
8.449999999999999289e+00,7.543962190191194225e-10,1.924896193113219134e-01,2.456045145274788621e-01,4.368151771298457220e+00,4.002169135606131078e+00,4.103246416927945006e+00,4.096570050602146296e+00,4.015103568961009728e+00
8.500000000000000000e+00,7.288939487873090407e-10,2.109424312493552722e-01,2.711067847592892321e-01,4.378140278166334554e+00,3.986666002113238960e+00,4.081144141468890041e+00,4.073448325249856339e+00,3.992515898958004072e+00
8.550000000000000711e+00,7.013048163710343831e-10,2.307241619651430597e-01,2.986959171755639852e-01,4.392548611688759763e+00,3.975129850918150964e+00,4.062246752410331396e+00,4.052974111475506902e+00,3.972257066123695779e+00
8.599999999999999645e+00,6.715905417703969639e-10,2.518534561809099848e-01,3.284101917762013434e-01,4.411803418588036152e+00,3.967982547734003163e+00,4.047095162830558479e+00,4.035726997960622953e+00,3.954834608575296784e+00
8.650000000000000355e+00,6.397467662879052739e-10,2.742764273225549720e-01,3.602539672586930752e-01,4.436573583057686676e+00,3.965988763576781650e+00,4.036044163508314853e+00,4.022067503034492120e+00,3.940605877582861183e+00
8.699999999999999289e+00,6.058114377985957019e-10,2.979233079382115346e-01,3.941892957480025994e-01,4.467533904737109651e+00,3.969846721320010374e+00,4.029339909666070696e+00,4.012019200642875205e+00,3.929591524403740266e+00
8.750000000000000000e+00,5.698736601140462718e-10,3.226723561058696954e-01,4.301270734325520206e-01,4.505467477185810310e+00,3.980297563812577266e+00,4.027536348176383285e+00,4.006063993786462163e+00,3.922387629228801131e+00
8.800000000000000711e+00,5.320825614776518884e-10,3.483695857347883229e-01,4.679181720689464252e-01,4.550957337423511717e+00,3.998235102491705106e+00,4.031421684916381309e+00,4.005126317487373910e+00,3.920073973689405022e+00
8.849999999999999645e+00,4.926555400655601822e-10,3.748266465984474993e-01,5.073451934810381259e-01,4.604631504371283768e+00,4.024252781445582627e+00,4.041753498977271875e+00,4.009949024088676595e+00,3.923204533590606502e+00
8.900000000000000355e+00,4.518850249088910641e-10,4.017889704348476254e-01,5.481157086377073107e-01,4.667342586134722637e+00,4.058976136921948807e+00,4.058856946850582403e+00,4.020602692668902023e+00,3.932006129200971145e+00
8.949999999999999289e+00,4.101426698425394965e-10,4.289120787000948454e-01,5.898580637040587993e-01,4.739930719519108493e+00,4.103265194266384697e+00,4.083130733047170224e+00,4.037262584532420817e+00,3.946129688826950144e+00
9.000000000000000000e+00,3.678797110281549743e-10,4.558353900975414263e-01,6.321210225184433762e-01,4.823198375562490980e+00,4.157768505276216331e+00,4.115464191180606690e+00,4.060616667731622442e+00,3.965686031272397827e+00
9.050000000000000711e+00,3.256221168374711166e-10,4.822112785313101835e-01,6.743786167091272432e-01,4.918233264802395865e+00,4.223091723217820004e+00,4.156365484964410939e+00,4.090985848993625495e+00,3.991291146260309119e+00
9.099999999999999645e+00,2.839592099003213407e-10,5.075756753056058779e-01,7.160415236462769339e-01,5.026310567223625014e+00,4.298905075296445943e+00,4.203169538273499484e+00,4.124412236308991453e+00,4.017660147818482130e+00
9.150000000000000355e+00,2.435247226857454731e-10,5.314441514091704510e-01,7.564760108608528100e-01,5.148232337906833322e+00,4.383801250874839184e+00,4.252401083511109903e+00,4.156113025361946711e+00,4.038126503476654250e+00
9.199999999999999289e+00,2.049698346100440074e-10,5.529169592575982062e-01,7.950308989365543200e-01,5.286817297883487754e+00,4.484090728968702422e+00,4.315970935778992157e+00,4.200380461804037679e+00,4.067191175276555271e+00
9.250000000000000000e+00,1.689286780527328201e-10,5.716275218261335223e-01,8.310720554938655358e-01,5.444612469130731824e+00,4.604525576835825973e+00,4.401590852680385524e+00,4.266739876604717097e+00,4.116552863909653581e+00
9.300000000000000711e+00,1.359780801746560668e-10,5.877642308517425640e-01,8.640226533719422841e-01,5.621605821069707076e+00,4.741810351040854243e+00,4.502948866952067419e+00,4.348539170372013984e+00,4.181586124455868969e+00
9.349999999999999645e+00,1.065948153396319693e-10,6.011167485302856273e-01,8.934059182069663541e-01,5.818788150115771884e+00,4.895383894387990154e+00,4.618289229581847621e+00,4.443732037275111679e+00,4.259769099029810491e+00
9.400000000000000355e+00,8.111513628601074766e-11,6.116178297251984031e-01,9.188855972605876055e-01,6.036910948786626818e+00,5.064183161160194402e+00,4.745400202557298996e+00,4.550027446920076102e+00,4.348787963018871494e+00
9.449999999999999289e+00,5.970245138399562987e-11,6.192970598023094242e-01,9.402982821626026944e-01,6.276636426031572569e+00,5.247738183350747931e+00,4.883622330972457348e+00,4.666550838569015980e+00,4.447315315750493880e+00
9.500000000000000000e+00,4.232925067366005019e-11,6.242597283198818570e-01,9.576714828729382400e-01,6.537530013290407283e+00,5.444213069429650886e+00,5.031128294445394999e+00,4.791155534438367170e+00,4.552444010344785852e+00
9.550000000000000711e+00,2.877831408053180580e-11,6.267763799777101852e-01,9.712224194660665777e-01,6.816426676080610036e+00,5.649512765354955945e+00,5.184763441995642097e+00,4.921612694392635490e+00,4.663119224588299971e+00
9.599999999999999645e+00,1.866563825362438174e-11,6.272362506090670697e-01,9.813350952929739135e-01,7.108110898034155412e+00,5.859609641362688137e+00,5.342773227859403562e+00,5.057842985099910038e+00,4.781286269451541671e+00
9.650000000000000355e+00,1.148360184238235512e-11,6.260209232822609993e-01,9.885171317042159567e-01,7.400637849923676015e+00,6.066271048662130738e+00,5.500184270397099340e+00,5.196089222943363950e+00,4.904224564793501884e+00
9.699999999999999289e+00,6.658429701896938565e-12,6.235781680718238684e-01,9.933423038447014575e-01,7.683565686848496057e+00,6.262545855935215400e+00,5.651265917647137371e+00,5.330262163501636508e+00,5.024809357369683482e+00
9.750000000000000000e+00,3.612293035639800338e-12,6.203284646298673488e-01,9.963884405109585396e-01,7.954218495226626828e+00,6.448396446269278215e+00,5.795988929526956213e+00,5.460073914843427190e+00,5.142022221626547207e+00
9.800000000000000711e+00,1.818810230338266760e-12,6.166093566737433918e-01,9.981819233162601002e-01,8.208789227731919880e+00,6.631867340373155173e+00,5.947576315945610759e+00,5.601629270509228320e+00,5.275429991772341509e+00
9.849999999999999645e+00,8.422302624247398797e-13,6.127736335619596852e-01,9.991585032841736602e-01,8.440611447938081824e+00,6.807391678659620027e+00,6.099108862370457018e+00,5.746758758402059186e+00,5.416130599340519325e+00
9.900000000000000355e+00,3.550394621444526528e-13,6.090139706434913869e-01,9.996456940844539174e-01,8.646674163446490979e+00,6.964111179297653109e+00,6.235009011402944168e+00,5.876706735135186932e+00,5.542003926026012550e+00
9.949999999999999289e+00,1.346935112204410683e-13,6.053647309825374023e-01,9.998660400353778233e-01,8.833668462132948207e+00,7.105247072997961766e+00,6.356968252220497106e+00,5.992602276854512411e+00,5.653203648474303122e+00
1.000000000000000000e+01,4.539996306544890020e-14,6.018302610516833573e-01,9.999553335835328349e-01,9.007870930103464957e+00,7.235149424338445101e+00,6.468656886412532003e+00,6.098254240213655919e+00,5.753602087510337526e+00
1.005000000000000071e+01,1.340096539133046574e-14,5.984058386020222331e-01,9.999873325812069780e-01,9.173372863175643488e+00,7.357579979219167399e+00,6.574162206757137028e+00,6.197829345439252791e+00,5.847489394032152177e+00
1.009999999999999964e+01,3.408448401659425603e-15,5.950868749672829638e-01,9.999973250981966100e-01,9.335703825756979768e+00,7.475855451683067088e+00,6.675895083356927273e+00,6.293189141870193737e+00,5.936329314967544235e+00
1.015000000000000036e+01,7.335465983014587962e-16,5.918699631260901928e-01,1.000000000000000000e+00,9.495686943608831143e+00,7.589112839838669800e+00,6.772304928422599346e+00,6.382886469519171158e+00,6.019179165387349428e+00
