# log_age,instantaneous_sfr,integrated_stellar_mass,integrated_formed_mass,u,g,r,i,z
5.500000000000000000e+00,2.125951365414697194e-10,6.706314131925923748e-05,6.723061109070145667e-05,1.055694801998801324e+01,1.090147588548560975e+01,1.140570604879212624e+01,1.176845792894177123e+01,1.208343373325890724e+01
5.549999999999999822e+00,2.125934959246328745e-10,7.524376488405614175e-05,7.543369527491772502e-05,1.043188365418529173e+01,1.077639166554353523e+01,1.128060798068753456e+01,1.164335053981618273e+01,1.195831781722630893e+01
5.599999999999999645e+00,2.125916551373378489e-10,8.441784405059318689e-05,8.463763175005015052e-05,1.030666697581763458e+01,1.065111827937686684e+01,1.115529491729176925e+01,1.151801030412728721e+01,1.183295252364949590e+01
5.650000000000000355e+00,2.125895897589970983e-10,9.470658258438454031e-05,9.496452345370001648e-05,1.018102667099476832e+01,1.052540565424718011e+01,1.102952264031538476e+01,1.139219640493209340e+01,1.170710140528457543e+01
5.700000000000000178e+00,2.125872723902712721e-10,1.062451064454300088e-04,1.065513670828823373e-04,1.005487170100703054e+01,1.039916926508665540e+01,1.090320916533011086e+01,1.126582769443799492e+01,1.158068391052380264e+01
5.750000000000000000e+00,2.125846722898678033e-10,1.191835348041269283e-04,1.195518691003270595e-04,9.928364104813148572e+00,1.027255860568257617e+01,1.077650478370793508e+01,1.113905312800117997e+01,1.145384532479323525e+01
5.799999999999999822e+00,2.125817549670904540e-10,1.336925975874057816e-04,1.341384829870180377e-04,9.801152678601795287e+00,1.014525049314485727e+01,1.064909649806497072e+01,1.101156537676748570e+01,1.132628358443147221e+01
5.849999999999999645e+00,2.125784817247572994e-10,1.499640957360538936e-04,1.505046946528156915e-04,9.672838214876072982e+00,1.001687419044969829e+01,1.052062485718975182e+01,1.088301096927716571e+01,1.119765059939219043e+01
5.900000000000000355e+00,2.125748091464538264e-10,1.682092200159860632e-04,1.688675861701536835e-04,9.543604731541094566e+00,9.887597165475476402e+00,1.039126637349946236e+01,1.075356773901147278e+01,1.106811919501566166e+01
5.950000000000000178e+00,2.125706885213563324e-10,1.886661220429827475e-04,1.894707116576513340e-04,9.413208612638428008e+00,9.757193960207928285e+00,1.026081595013641845e+01,1.062303919545767172e+01,1.093749379886998696e+01
6.000000000000000000e+00,2.125660651990433003e-10,2.116010825624435989e-04,2.125873232227291291e-04,9.281441429927092202e+00,9.625469060771386864e+00,1.012909565158946634e+01,1.049125586195474824e+01,1.080560779719645126e+01
6.049999999999999822e+00,2.125608778657960882e-10,2.373085191462367808e-04,2.385239894588641869e-04,9.148547413809367868e+00,9.492642750434455934e+00,9.996324862435116643e+00,1.035843745642989688e+01,1.067267987078506764e+01
6.099999999999999645e+00,2.125550577328640028e-10,2.661197237376811044e-04,2.676246541192679176e-04,9.014285379503135687e+00,9.358477076525403504e+00,9.862255854850005221e+00,1.022433530745256292e+01,1.053846578821539026e+01
6.150000000000000355e+00,2.125485276260225288e-10,2.983989780805994339e-04,3.002751883266174511e-04,8.876199000314791476e+00,9.220431596427374643e+00,9.724147169176731609e+00,1.008612747734071746e+01,1.040009051353033698e+01
6.200000000000000178e+00,2.125412009644671761e-10,3.345370140746943576e-04,3.369084961033257586e-04,8.731741528360601023e+00,9.075602670946288697e+00,9.578925053555231273e+00,9.940718461757711566e+00,1.025437966397094414e+01
6.250000000000000000e+00,2.125329806156516112e-10,3.749802670462297656e-04,3.780102401811241968e-04,8.581855931450256492e+00,8.924807289146770017e+00,9.426494957099421867e+00,9.788375170759756827e+00,1.010143638199497218e+01
6.299999999999999822e+00,2.125237576110710412e-10,4.202921303030466259e-04,4.241252630841054676e-04,8.426440924795571163e+00,8.768526557106468999e+00,9.267606920458007380e+00,9.629853828541286020e+00,9.942190976839071936e+00
6.349999999999999645e+00,2.125134097061989549e-10,4.710122803913560034e-04,4.758647874445214227e-04,8.261821718395452763e+00,8.602756405709392595e+00,9.098615567289286332e+00,9.461670969485950877e+00,9.773290032080097944e+00
6.400000000000000355e+00,2.125017997657818659e-10,5.276868805736993281e-04,5.339144895299463350e-04,8.099936469865738786e+00,8.438764159573516110e+00,8.931387245323513469e+00,9.295327431243293859e+00,9.606108265894938825e+00
6.450000000000000178e+00,2.124887739534585643e-10,5.910319026882973744e-04,5.990435511464893992e-04,7.950561599933102741e+00,8.286648251901688411e+00,8.776746219672688198e+00,9.141083405789274252e+00,9.450966310089320643e+00
6.500000000000000000e+00,2.124741597021779517e-10,6.617648031500504959e-04,6.721148075494676405e-04,7.805573561391696558e+00,8.135748115212066978e+00,8.623055597242533565e+00,8.986693369246005147e+00,9.294939493462877067e+00
6.549999999999999822e+00,2.124577634391069833e-10,7.408923378506178641e-04,7.540961229042597927e-04,7.660738793059415741e+00,7.977643611868643347e+00,8.460153311288479472e+00,8.820551202042913985e+00,9.125303644706974637e+00
6.599999999999999645e+00,2.124393680356249522e-10,8.294457310218299271e-04,8.460731403144450963e-04,7.504184304522595994e+00,7.798539697221890776e+00,8.273067919642414836e+00,8.626640962905135268e+00,8.924661291520067152e+00
6.650000000000000355e+00,2.124187299495543438e-10,9.284071396908535195e-04,9.492635706674738827e-04,7.352563794587538837e+00,7.618375972938217444e+00,8.082552128044206086e+00,8.426987064527793336e+00,8.714969088595402980e+00
6.700000000000000178e+00,2.123955760229505559e-10,1.039130042457598723e-03,1.065033203686478660e-03,7.229468882364812998e+00,7.475094808133043500e+00,7.929808074358867032e+00,8.265503281220944132e+00,8.544153591377408929e+00
6.750000000000000000e+00,2.123695998945220781e-10,1.162643135115346308e-03,1.194913845828840700e-03,7.120573827892123120e+00,7.346278086555969367e+00,7.784678239753503703e+00,8.105595056836520484e+00,8.367363184842261603e+00
6.799999999999999822e+00,2.123404579810440251e-10,1.299919109930987348e-03,1.340623413219067459e-03,7.016344986255475646e+00,7.209021166459777419e+00,7.619260007751094577e+00,7.915488299738015598e+00,8.148363819018932475e+00
6.849999999999999645e+00,2.123077649769151054e-10,1.452525205325989367e-03,1.504088433863733131e-03,6.923027391262927210e+00,7.071166259857733394e+00,7.448205068324369904e+00,7.715694344752371592e+00,7.914642102129910484e+00
6.900000000000000355e+00,2.122710888152531484e-10,1.622252325167964412e-03,1.687469242173534733e-03,6.847667849380762561e+00,6.954639122396066853e+00,7.287315922404708601e+00,7.517378357347773488e+00,7.678637274432581705e+00
6.950000000000000178e+00,2.122299450275818342e-10,1.810962852636546598e-03,1.893188180530116105e-03,6.788573130578669179e+00,6.876809600593951188e+00,7.166816694427126322e+00,7.353607993611575466e+00,7.469583734123197871e+00
7.000000000000000000e+00,2.121837904321893732e-10,2.020846808179736429e-03,2.123961157492367836e-03,6.736392629709747837e+00,6.817646407254891017e+00,7.080266216861446082e+00,7.230718096497881220e+00,7.303878722869505680e+00
7.049999999999999822e+00,2.121320160736006140e-10,2.254387378423945015e-03,2.382832950436328690e-03,6.686264998406279858e+00,6.758191796076047808e+00,7.000644748985543231e+00,7.124243615378524908e+00,7.166156264901246686e+00
7.099999999999999645e+00,2.120739393272594594e-10,2.514223015728770175e-03,2.673216682141987387e-03,6.638475637031312715e+00,6.698529350992330933e+00,6.926459575880585362e+00,7.029268323666286733e+00,7.046059380819336582e+00
7.150000000000000355e+00,2.120087950744446095e-10,2.803343152129495874e-03,2.998937946216239173e-03,6.593351155837652300e+00,6.641887935612700744e+00,6.859547402089965829e+00,6.946466641199990022e+00,6.943459919351681719e+00
7.200000000000000178e+00,2.119357258426179754e-10,3.125209924116066108e-03,3.364284105349388872e-03,6.550856734026638151e+00,6.589682458325711423e+00,6.798096450242880451e+00,6.871357404861036855e+00,6.851877000454244637e+00
7.250000000000000000e+00,2.118537707958354974e-10,3.483552523797571725e-03,3.774059339261702679e-03,6.510918037430208472e+00,6.541271216922083909e+00,6.740598220645630079e+00,6.800206099653777869e+00,6.764909723635980754e+00
7.299999999999999822e+00,2.117618534485557778e-10,3.882486711351148655e-03,4.233646075660338869e-03,6.472799277414146957e+00,6.495730765457032874e+00,6.687503410739722653e+00,6.735312197156133607e+00,6.686900834913039660e+00
7.349999999999999645e+00,2.116587679642156066e-10,4.326770097651464787e-03,4.749073497361273183e-03,6.435542503521013202e+00,6.450830840863439164e+00,6.636301687825607587e+00,6.674830067196992900e+00,6.616724694594068978e+00
7.400000000000000355e+00,2.115431638874034946e-10,4.821612297345785440e-03,5.327093881421851064e-03,6.399014587847986490e+00,6.405626312885665641e+00,6.584883079832074770e+00,6.615272695618806154e+00,6.549224598846514311e+00
7.450000000000000178e+00,2.114135291455003056e-10,5.372627981895292115e-03,5.975267590937759915e-03,6.363253687014712057e+00,6.360222343596070971e+00,6.533427652092647975e+00,6.556703457980198380e+00,6.484173566595927696e+00
7.500000000000000000e+00,2.112681711424972880e-10,5.986074853193110862e-03,6.702057605952846039e-03,6.328333601670337316e+00,6.314842532887880111e+00,6.482403347794985393e+00,6.499665735325088178e+00,6.422050395497493014e+00
7.549999999999999822e+00,2.111051957546667098e-10,6.669066839596698125e-03,7.516934545105783717e-03,6.294371375245781053e+00,6.269675896519274261e+00,6.431557548260229851e+00,6.443620893561174512e+00,6.362123916688048553e+00
7.599999999999999645e+00,2.109224840252887656e-10,7.429382068292505331e-03,8.430493191995416802e-03,6.261600621438851988e+00,6.225093397944597484e+00,6.380767756899828669e+00,6.388011492774424482e+00,6.303434143664262024e+00
7.650000000000000355e+00,2.107176663443311009e-10,8.275447414887147218e-03,9.454581596783849864e-03,6.230338556748591827e+00,6.181811118774305669e+00,6.331239046812875415e+00,6.334068941185805102e+00,6.246860449326270270e+00
7.700000000000000178e+00,2.104880938896282180e-10,9.216692055153947669e-03,1.060244387029818033e-02,6.200578136124526907e+00,6.140391809517844024e+00,6.284723299025564813e+00,6.283902674928583565e+00,6.194573069931415432e+00
7.750000000000000000e+00,2.102308070997675861e-10,1.026401479945452701e-02,1.188887781960139625e-02,6.171771592384487803e+00,6.099999460921154082e+00,6.240575557275796825e+00,6.237188722041594247e+00,6.146696347041427089e+00
7.799999999999999822e+00,2.099425009469138653e-10,1.142973799262532106e-02,1.333040858387005839e-02,6.143574937449081119e+00,6.059468051773379216e+00,6.196517450216411760e+00,6.191294818947838507e+00,6.100437049149981306e+00
7.849999999999999645e+00,2.096194867819506056e-10,1.272709521853209944e-02,1.494547940868625954e-02,6.116053863946966374e+00,6.018809417608679269e+00,6.152369129642991652e+00,6.145780766118804195e+00,6.055036140695825964e+00
7.900000000000000355e+00,2.092576505368198582e-10,1.417082985303898604e-02,1.675466063433996358e-02,6.089211113838850054e+00,5.978018223749820947e+00,6.108218911345481672e+00,6.100798956148310026e+00,6.010677055329480822e+00
7.950000000000000178e+00,2.088524070926338967e-10,1.577732535249578433e-02,1.878087785526981121e-02,6.063093320280259491e+00,5.937006930689157969e+00,6.063790945512252506e+00,6.055925330111477933e+00,5.966850047293270620e+00
8.000000000000000000e+00,2.083986506605764415e-10,1.756433017975123079e-02,2.104966001555707428e-02,6.037811276442496933e+00,5.895869334043048582e+00,6.019110183884116339e+00,6.011075951560627573e+00,5.923351784019288857e+00
8.050000000000000711e+00,2.078907010802455696e-10,1.955145906809116832e-02,2.358940791721137950e-02,6.013472737361148290e+00,5.854799461345457701e+00,5.974517826601811521e+00,5.966628587959831975e+00,5.880526728481200394e+00
8.099999999999999645e+00,2.073222460224151005e-10,2.176058552018304837e-02,2.643168320636374649e-02,5.990138768250147905e+00,5.813922640880711867e+00,5.930147187696370281e+00,5.922622756776441122e+00,5.838215525620476853e+00
8.150000000000000355e+00,2.066862791969570449e-10,2.421387190963399799e-02,2.961151733365406311e-02,5.967860754699586323e+00,5.773320490056505605e+00,5.885978671057557676e+00,5.878904057621902268e+00,5.796109793220836082e+00
8.199999999999999289e+00,2.059750348200898508e-10,2.693522568869300901e-02,3.316773921798999575e-02,5.946714966926293755e+00,5.733087621347266349e+00,5.842120423993932832e+00,5.835593702585583742e+00,5.754436206307303792e+00
8.250000000000000000e+00,2.051799187981012854e-10,2.995325742659528737e-02,3.714331932793282776e-02,5.926802560900128469e+00,5.693292120859659633e+00,5.798523635869109683e+00,5.792557343173761808e+00,5.713056131743577737e+00
8.300000000000000711e+00,2.042914373490470272e-10,3.330276047574304982e-02,4.158572657320407789e-02,5.908211192825703506e+00,5.654030137448778248e+00,5.755230349143822366e+00,5.749752481820834760e+00,5.671859059164361838e+00
8.349999999999999645e+00,2.032991241235355956e-10,3.702160665880644547e-02,4.654729270076125858e-02,5.891017723269406758e+00,5.615426308091493013e+00,5.712314204108587035e+00,5.707206771352247188e+00,5.630884299818909255e+00
8.400000000000000355e+00,2.021914673166624474e-10,4.114772002414561480e-02,5.208557673512704406e-02,5.875296443773905253e+00,5.577685805309222644e+00,5.669850062549372183e+00,5.664889250361767381e+00,5.590020069025690930e+00
8.449999999999999289e+00,2.009558388037140525e-10,4.572206638460084988e-02,5.826371929986898235e-02,5.861061402359148076e+00,5.541052485633393587e+00,5.628043123714370211e+00,5.622943814828218478e+00,5.549287474044007240e+00
8.500000000000000000e+00,1.995784280026267325e-10,5.078418319872726738e-02,6.515077330530556765e-02,5.848296704499020393e+00,5.505772644912589442e+00,5.587024590509685140e+00,5.581455449398688984e+00,5.508831156307699928e+00
8.550000000000000711e+00,1.980441839879457880e-10,5.638505792398055411e-02,7.282199337871025913e-02,5.837058853067972564e+00,5.472110670544140021e+00,5.546885667053658153e+00,5.540449538360775250e+00,5.468725048062331950e+00
8.599999999999999645e+00,1.963367703760789068e-10,6.258114252613117268e-02,8.135906143804476354e-02,5.827460827640571495e+00,5.440240874680810634e+00,5.507725812621565353e+00,5.499981219549177069e+00,5.429014145263877822e+00
8.650000000000000355e+00,1.944385386904058835e-10,6.942304174754039547e-02,9.085021986640977321e-02,5.819646183877360102e+00,5.410285944769228195e+00,5.469623216539552857e+00,5.460117718012043042e+00,5.389732242098773440e+00
8.699999999999999289e+00,1.923305273134629077e-10,7.696815274320388534e-02,1.013902767511248443e-01,5.813761604565421237e+00,5.382441411159142319e+00,5.432663193278891356e+00,5.420913803274821419e+00,5.350761096210916890e+00
8.750000000000000000e+00,1.899924947496905007e-10,8.527400836906087744e-02,1.130804395699868542e-01,5.809897105606914636e+00,5.357022418887723347e+00,5.397046762614877480e+00,5.382484511935260230e+00,5.312048118569741462e+00
8.800000000000000711e+00,1.874029977494450852e-10,9.440312321497346115e-02,1.260279245712139506e-01,5.808092720332169279e+00,5.334346575660632084e+00,5.363053177592803422e+00,5.345059755344649943e+00,5.273761417644898586e+00
8.849999999999999645e+00,1.845395268536476403e-10,1.044227818895865495e-01,1.403452790502010550e-01,5.808407427084198105e+00,5.314627574117977815e+00,5.330830434320517952e+00,5.308706803913096905e+00,5.235926334616500810e+00
8.900000000000000355e+00,1.813787140451463213e-10,1.153979239458004513e-01,1.561493430927076431e-01,5.810993424958589060e+00,5.298044024716105582e+00,5.300527688658164038e+00,5.273548013666214729e+00,5.198567823378468233e+00
8.949999999999999289e+00,1.778966293254797642e-10,1.273850135870259193e-01,1.735597666910405068e-01,5.816101749302326596e+00,5.284795166065109129e+00,5.272451300627295723e+00,5.240031043038307246e+00,5.162059098401272195e+00
9.000000000000000000e+00,1.740691849950835108e-10,1.404442718893357811e-01,1.926969883430217356e-01,5.824018026476323939e+00,5.274962696346563007e+00,5.246815474869436002e+00,5.208452716651386538e+00,5.126710758976138038e+00
9.050000000000000711e+00,1.698726679328070778e-10,1.546451939291375310e-01,2.136795736544038204e-01,5.835066358963487687e+00,5.268541890469492728e+00,5.223739529993324027e+00,5.178951167521972820e+00,5.092774589651639872e+00
9.099999999999999645e+00,1.652844208645652106e-10,1.700349678141139520e-01,2.366208089956132465e-01,5.849604597360993807e+00,5.265445958820933470e+00,5.202780985776463751e+00,5.150971367265924528e+00,5.060135209315447469e+00
9.150000000000000355e+00,1.602836929592090297e-10,1.866500006707033643e-01,2.616244485223941929e-01,5.867919730443745152e+00,5.265209596533196645e+00,5.182326662354512337e+00,5.121887773881155681e+00,5.025189483876808083e+00
9.199999999999999289e+00,1.548526774089913901e-10,2.044606587696704281e-01,2.887795262734824120e-01,5.890508814401769655e+00,5.268280229509016976e+00,5.162660333173249683e+00,5.090625466314847358e+00,4.983603619568832244e+00
9.250000000000000000e+00,1.489777480867414721e-10,2.234148083712081401e-01,3.181541728847319672e-01,5.918227105626201023e+00,5.277589078880986051e+00,5.150524645088260911e+00,5.067004914328968823e+00,4.949315059889102031e+00
9.300000000000000711e+00,1.426508979057837740e-10,2.435525738582303146e-01,3.497884237895204085e-01,5.951577261235136973e+00,5.294060280841229371e+00,5.148008502270151610e+00,5.054947758129827662e+00,4.929574251180191879e+00
9.349999999999999645e+00,1.358713670154686773e-10,2.648913961020347152e-01,3.836860782410958515e-01,5.990841549508566288e+00,5.316333271032803509e+00,5.151157790141162707e+00,5.048439812978060104e+00,4.915167103304767693e+00
9.400000000000000355e+00,1.286474283213728299e-10,2.873703543992458531e-01,4.198057717115751819e-01,6.036619251867534786e+00,5.344769562124682238e+00,5.160107328782757463e+00,5.047477243932746660e+00,4.905823673007155605e+00
9.449999999999999289e+00,1.209982701057743431e-10,3.108955227557847478e-01,4.580515627895676012e-01,6.089627166138768644e+00,5.379963999322143309e+00,5.175389618508397405e+00,5.052577880224070839e+00,4.902056105365183214e+00
9.500000000000000000e+00,1.129558803473743463e-10,3.353237928286425529e-01,4.982635115815675642e-01,6.150674325930047814e+00,5.422299311732722060e+00,5.196906207722470583e+00,5.063458434347886339e+00,4.903524412584708614e+00
9.550000000000000711e+00,1.045667952947529886e-10,3.604679568796044231e-01,5.402089368446743034e-01,6.220534897818900788e+00,5.472075915816510872e+00,5.224551840430322613e+00,5.079925260698644252e+00,4.910082415261150857e+00
9.599999999999999645e+00,9.589352812921560136e-11,3.861038983957249537e-01,5.835752726723613115e-01,6.300048074338846504e+00,5.530061563817106673e+00,5.259337692407470399e+00,5.103263243458911802e+00,4.923336857852966375e+00
9.650000000000000355e+00,8.701544666766479787e-11,4.119520095845295438e-01,6.279656799801152101e-01,6.390087752933453658e+00,5.596959218654276924e+00,5.302039954679933942e+00,5.134344302085800393e+00,4.944272784097073270e+00
9.699999999999999289e+00,7.802882953675290179e-11,4.376884257388750088e-01,6.728987656346746560e-01,6.491422740228358634e+00,5.673292071438545747e+00,5.353234646692676790e+00,5.173846844953260415e+00,4.973657217180019074e+00
9.750000000000000000e+00,6.904580912810818942e-11,4.629557843721507360e-01,7.178138676778983429e-01,6.605415627624878994e+00,5.760238050678864852e+00,5.414072593122227772e+00,5.222884078177955303e+00,5.012532475321563652e+00
9.800000000000000711e+00,6.019192133042748522e-11,4.873653482682962501e-01,7.620833066663018629e-01,6.733899845759431457e+00,5.859306038581621578e+00,5.485773120782184264e+00,5.282404216974327937e+00,5.061495761532960103e+00
9.849999999999999645e+00,5.160204308285612754e-11,5.105281098572591603e-01,8.050326979041587672e-01,6.878396686907152002e+00,5.971406936331739246e+00,5.568997123957842632e+00,5.353166455014971348e+00,5.121543426025851886e+00
9.900000000000000355e+00,4.341462498891763722e-11,5.320556786125258952e-01,8.459697883738511726e-01,7.040416269897470158e+00,6.096855461196383885e+00,5.663328239141591780e+00,5.434554826952030737e+00,5.191964932519034903e+00
9.949999999999999289e+00,3.576432752679477263e-11,5.515656730524296503e-01,8.842212756844654020e-01,7.221657223544127646e+00,6.236228099861349961e+00,5.768863342680646156e+00,5.526451093789376046e+00,5.272382294093503674e+00
1.000000000000000000e+01,2.877344275332498152e-11,5.687364363771666431e-01,9.191756995518143292e-01,7.423815348941040781e+00,6.389920153009327919e+00,5.885622240181291431e+00,5.628835497855718017e+00,5.362785619497834944e+00
1.005000000000000071e+01,2.254280455360114598e-11,5.833304561219535556e-01,9.503288905504335693e-01,7.648514304211552428e+00,6.557764477411794246e+00,6.012838740593245745e+00,5.740785733095108867e+00,5.462134827664961279e+00
1.009999999999999964e+01,1.714320716561689853e-11,5.952132919923677212e-01,9.773268774903547396e-01,7.897035597657456663e+00,6.738951322046126791e+00,6.149363943528591392e+00,5.861215221406766318e+00,5.569297537679979371e+00
1.015000000000000036e+01,1.260858266368786640e-11,6.043678695761396380e-01,1.000000000000000000e+00,8.170059450020644931e+00,6.932163842350654193e+00,6.294165980829731666e+00,5.989471486876148276e+00,5.683883226302604896e+00
