# log_age,instantaneous_sfr,integrated_stellar_mass,integrated_formed_mass,u,g,r,i,z
5.500000000000000000e+00,1.321878151970546329e-10,4.169799040842964339e-05,4.180211844039962923e-05,1.107286993835749200e+01,1.141739780385509562e+01,1.192162796716160500e+01,1.228437984731127131e+01,1.259935565162839310e+01
5.549999999999999822e+00,1.321873051431155581e-10,4.678456420550469502e-05,4.690265783115182802e-05,1.094780347902550943e+01,1.129231149071020468e+01,1.179652780608191165e+01,1.215927036536382388e+01,1.247423764291414727e+01
5.599999999999999645e+00,1.321867328555261907e-10,5.248887540095313186e-05,5.262553372499379189e-05,1.082258445429076232e+01,1.116703575916054092e+01,1.167121239799177346e+01,1.203392778545262587e+01,1.234887000555058023e+01
5.650000000000000355e+00,1.321860907412392767e-10,5.888629534792011661e-05,5.904667659396805712e-05,1.069694152504841611e+01,1.104132051090871869e+01,1.154543749898796534e+01,1.190811126499556849e+01,1.222301626660565432e+01
5.700000000000000178e+00,1.321853702808728612e-10,6.606085464905175268e-05,6.625128025806404307e-05,1.057078362049679043e+01,1.091508118872589250e+01,1.141912109248967511e+01,1.178173962407596065e+01,1.209659584237696350e+01
5.750000000000000000e+00,1.321845619157208545e-10,7.410590983004998683e-05,7.433493177801762789e-05,1.044427273810348566e+01,1.078846724525770640e+01,1.129241342876915155e+01,1.165496177703159475e+01,1.196975397740456515e+01
5.799999999999999822e+00,1.321836549209875521e-10,8.312763707837810803e-05,8.340487911107849212e-05,1.031705764175633533e+01,1.066115546458334506e+01,1.116500147719158065e+01,1.152747036165452954e+01,1.184218857457956631e+01
5.849999999999999645e+00,1.321826372635676538e-10,9.324531962802060352e-05,9.358145331014023596e-05,1.018873908981709064e+01,1.053277507467205965e+01,1.103652575123133772e+01,1.139891187103598469e+01,1.171355150829368341e+01
5.900000000000000355e+00,1.321814954424893793e-10,1.045903039721090801e-04,1.049996640927925730e-04,1.005950104311435211e+01,1.040349348681772312e+01,1.090716270640830032e+01,1.126946408174923420e+01,1.158401554720007454e+01
5.950000000000000178e+00,1.321802143099100247e-10,1.173107091329664319e-04,1.178109898862245153e-04,9.929099839445868270e+00,1.027308519590441449e+01,1.077670719790930320e+01,1.113893045500563517e+01,1.145338507060218092e+01
6.000000000000000000e+00,1.321787768702957158e-10,1.315721554668454723e-04,1.321853860294444898e-04,9.797326996326681581e+00,1.014135463315978569e+01,1.064498123442564292e+01,1.100714145797697796e+01,1.132149340852680552e+01
6.049999999999999822e+00,1.321771640551308839e-10,1.475577724316980415e-04,1.483135376779151724e-04,9.664426664131568145e+00,1.000852200270894343e+01,1.051220412118142633e+01,1.087431672916815728e+01,1.118855916245094306e+01
6.099999999999999645e+00,1.321753544701800545e-10,1.654736350354920661e-04,1.664093871859453184e-04,9.530157594209541116e+00,9.874349287629598848e+00,1.037812806633029084e+01,1.074020753310328757e+01,1.105433803673405180e+01
6.150000000000000355e+00,1.321733241119637301e-10,1.855463532844948407e-04,1.867129693493121739e-04,9.392063529727423088e+00,9.736296120337705418e+00,1.024001169769845632e+01,1.060199202457203427e+01,1.091595509125988883e+01
6.200000000000000178e+00,1.321710460497052221e-10,2.080190118870601991e-04,2.094935919344847130e-04,9.247597812991223520e+00,9.591458976855044227e+00,1.009478139058511204e+01,1.045657482787186154e+01,1.077023607741971034e+01
6.250000000000000000e+00,1.321684900685529955e-10,2.331693661103337301e-04,2.350534034568093440e-04,9.097703263936473661e+00,9.440654709057994864e+00,9.942342529743100954e+00,1.030422276133405290e+01,1.061728405922520579e+01
6.299999999999999822e+00,1.321656222693747660e-10,2.613479372554849641e-04,2.637313952391998344e-04,8.942278528804493476e+00,9.284364307768285585e+00,9.783445018471681465e+00,1.014569191178314611e+01,1.045802919434306943e+01
6.349999999999999645e+00,1.321624046198513373e-10,2.928905585578933202e-04,2.959078904731527728e-04,8.777649062268324087e+00,9.118583982131497123e+00,9.614443735740039187e+00,9.977499050633674926e+00,1.028911829332398042e+01
6.400000000000000355e+00,1.321587944509628442e-10,3.281371671922588364e-04,3.320095793581434628e-04,8.615751670845689603e+00,8.954579774709955586e+00,9.447203690226913864e+00,9.811143714301564955e+00,1.012192478723989097e+01
6.450000000000000178e+00,1.321547438922461566e-10,3.675333706029385483e-04,3.725151665250364566e-04,8.466361577578553010e+00,8.802448900183989622e+00,9.292547870588549586e+00,9.656884872863066960e+00,9.966768084092684887e+00
6.500000000000000000e+00,1.321501992384083118e-10,4.115258119285768222e-04,4.179617049035320346e-04,8.321355940698303755e+00,8.651531845705491719e+00,9.138840552313098442e+00,9.502478257122582761e+00,9.810724855854644488e+00
6.549999999999999822e+00,1.321451002389871542e-10,4.607411504969027806e-04,4.689516991150744288e-04,8.176501480842539138e+00,8.493409388637815027e+00,8.975920825546687354e+00,9.336319118904775394e+00,9.641072458760845620e+00
6.599999999999999645e+00,1.321393793017563200e-10,5.158214419267281425e-04,5.261610714235907078e-04,8.019926935281482372e+00,8.314288548373056642e+00,8.788819470985892224e+00,9.142393896916757967e+00,9.440415995718915099e+00
6.650000000000000355e+00,1.321329605994577540e-10,5.773784535451381055e-04,5.903480944089616392e-04,7.868282638162298781e+00,8.134105147341436748e+00,8.598285324893787163e+00,8.942722928650240988e+00,9.230708059426845580e+00
6.700000000000000178e+00,1.321257590682026713e-10,6.462551082160833231e-04,6.623634069599428640e-04,7.745155235510004843e+00,7.990794250922014896e+00,8.445512825264550827e+00,8.781211970243276710e+00,9.059866643610092751e+00
6.750000000000000000e+00,1.321176792844932261e-10,7.230927409457162894e-04,7.431612440545224633e-04,7.636221078013377905e+00,7.861941758642451816e+00,8.300350255484090667e+00,8.621273706176936003e+00,8.883049146185427958e+00
6.799999999999999822e+00,1.321086142062712226e-10,8.084982819392216944e-04,8.338120262741660757e-04,7.531947850082758578e+00,7.724647521082793844e+00,8.134900644349983168e+00,8.431140441039580935e+00,8.664028568953739295e+00
6.849999999999999645e+00,1.320984437616739835e-10,9.034488551198506349e-04,9.355164722468190756e-04,7.438577737322383143e+00,7.586751347031423620e+00,7.963811803917003829e+00,8.231318286071456214e+00,8.430284694782557153e+00
6.900000000000000355e+00,1.320870332672560518e-10,1.009061322343773968e-03,1.049621416426084084e-03,7.363153513943068162e+00,7.470170985360226723e+00,7.802881043253911741e+00,8.032969044757813037e+00,8.194253349603492609e+00
6.950000000000000178e+00,1.320742316552999086e-10,1.126497820795955901e-03,1.177637535987610239e-03,7.303980336112424254e+00,7.392267804790243702e+00,7.682321005080915199e+00,7.869149239577971855e+00,7.985160173876856504e+00
7.000000000000000000e+00,1.320598694874609756e-10,1.257125239428929803e-03,1.321259214376825511e-03,7.251709556920665989e+00,7.333015240413487845e+00,7.595690270364556795e+00,7.746190048855325472e+00,7.819396574033689262e+00
7.049999999999999822e+00,1.320437567293577297e-10,1.402494052961682138e-03,1.482386795409500234e-03,7.201480602102890316e+00,7.273462180113405395e+00,7.515977473798074016e+00,7.639632896481380442e+00,7.681599644121398285e+00
7.099999999999999645e+00,1.320256802577936516e-10,1.564252902339811511e-03,1.663151511050155835e-03,7.153577080433706215e+00,7.213690950376864919e+00,7.441688659056069355e+00,7.544561216475493381e+00,7.561413741909461805e+00
7.150000000000000355e+00,1.320054010690656968e-10,1.744270681414625919e-03,1.865943398329675783e-03,7.108323492071363603e+00,7.156926635969554695e+00,7.374657195314973990e+00,7.461646325637396160e+00,7.458707666582121476e+00
7.200000000000000178e+00,1.319826511532408483e-10,1.944712739538117944e-03,2.093442556578302156e-03,7.065682887019228531e+00,7.104580895503360694e+00,7.313070078569062105e+00,7.386407129502210012e+00,7.367001239440128302e+00
7.250000000000000000e+00,1.319571299953480525e-10,2.167913654308229170e-03,2.348654135506061599e-03,7.025578550792076271e+00,7.056009928093189387e+00,7.255417332365233563e+00,7.315109136559541980e+00,7.279894976141108032e+00
7.299999999999999822e+00,1.319285006601059134e-10,2.416452317662761903e-03,2.634947487927391963e-03,6.987272861681255165e+00,7.010288466328994161e+00,7.202146356022602447e+00,7.250046829418565153e+00,7.201724911879679780e+00
7.349999999999999645e+00,1.318963854120648611e-10,2.693311662647746886e-03,2.956099968337965594e-03,6.949806288629922335e+00,6.965186132826936216e+00,7.150746654281135761e+00,7.189373274985499052e+00,7.131362903814640219e+00
7.400000000000000355e+00,1.318603608178643085e-10,3.001761875777889804e-03,3.316345910343484246e-03,6.913042949766989409e+00,6.919756439197094267e+00,7.099108155977177148e+00,7.129602384116459746e+00,7.063654128753455552e+00
7.450000000000000178e+00,1.318199522716725457e-10,3.345332724433725154e-03,3.720431372261249342e-03,6.877017649902498420e+00,6.874101609819234682e+00,7.047407931207416709e+00,7.070794473142029801e+00,6.998368536719588917e+00
7.500000000000000000e+00,1.317746278787785266e-10,3.727963426557580860e-03,4.173675301201341600e-03,6.841800325580074116e+00,6.828441672065693524e+00,6.996109937917800892e+00,7.013488584472327148e+00,6.935980328052522736e+00
7.549999999999999822e+00,1.317237916257432208e-10,4.154137611874916640e-03,4.682037831554433822e-03,6.807503534686468072e+00,6.782961636057592614e+00,6.944958507707795548e+00,6.957143287441354573e+00,6.875755415576080054e+00
7.599999999999999645e+00,1.316667757585034790e-10,4.628766938735585229e-03,5.252196503951984084e-03,6.774355450955262370e+00,6.738027381773576963e+00,6.893827390535001598e+00,6.901198095354445172e+00,6.816731133771860129e+00
7.650000000000000355e+00,1.316028322823909014e-10,5.157185134712315849e-03,5.891631265077817807e-03,6.742666764080091468e+00,6.694348107104431733e+00,6.843913941394440315e+00,6.846876685295441689e+00,6.759779810251430376e+00
7.700000000000000178e+00,1.315311234902376817e-10,5.745372429694295228e-03,6.608719186609752702e-03,6.712423984727401205e+00,6.652478862487825495e+00,6.796958876822856155e+00,6.796276351919097181e+00,6.707059350367970296e+00
7.750000000000000000e+00,1.314507114166871146e-10,6.400251921515260831e-03,7.412839922115473448e-03,6.683074210104976487e+00,6.611579825596059834e+00,6.752312217837115327e+00,6.749066587984152932e+00,6.658685770616031618e+00
7.799999999999999822e+00,1.313605461086449949e-10,7.129668310148312878e-03,8.314493002536692268e-03,6.654267189603395138e+00,6.570482506980553694e+00,6.707696539557119308e+00,6.702616481802294857e+00,6.611866888495086414e+00
7.849999999999999645e+00,1.312594525937000066e-10,7.942078318190432321e-03,9.325428151986576292e-03,6.626059933666056168e+00,6.529191597720938489e+00,6.662925601319848568e+00,6.656479962519433968e+00,6.565838410481163123e+00
7.900000000000000355e+00,1.311461164205758089e-10,8.846933949062690816e-03,1.045878988322862871e-02,6.598445721731167168e+00,6.487693911770847421e+00,6.618079536466453305e+00,6.610800556276743123e+00,6.520774289599337692e+00
7.950000000000000178e+00,1.310190676386273394e-10,9.854777516980666938e-03,1.172927770271342540e-02,6.571460291157123379e+00,6.445893618259617597e+00,6.572875302548354171e+00,6.565147292585528760e+00,6.476157726935625192e+00
8.000000000000000000e+00,1.308766630775509071e-10,1.097708778420975265e-02,1.315332331347748157e-02,6.545201689442976090e+00,6.403874165268675256e+00,6.527328204394422073e+00,6.519426840064141970e+00,6.431776161711070472e+00
8.050000000000000711e+00,1.307170667844879226e-10,1.222661289296419346e-02,1.474928624410759732e-02,6.519763244646938460e+00,6.361817179591660931e+00,6.481766347289635632e+00,6.474003273792277469e+00,6.387960115730869859e+00
8.099999999999999645e+00,1.305382284744086127e-10,1.361764105124017507e-02,1.653766934490057822e-02,6.495190085275837077e+00,6.319834474967862548e+00,6.436309758440167172e+00,6.428903164263537917e+00,6.344538408485171033e+00
8.150000000000000355e+00,1.303378598521498065e-10,1.516480810139365747e-02,1.854135556748867653e-02,6.471515720537830418e+00,6.277992790184185878e+00,6.390925114558442033e+00,6.383959185679245252e+00,6.301190808488641437e+00
8.199999999999999289e+00,1.301134086721294388e-10,1.688404098732211589e-02,2.078586736769217486e-02,6.448795990224205354e+00,6.236369890505244484e+00,6.345704059599512448e+00,6.339275716161907326e+00,6.258126063754801294e+00
8.250000000000000000e+00,1.298620304163297218e-10,1.879444758269455118e-02,2.329964992568952370e-02,6.427108670762315512e+00,6.195015223755689249e+00,6.300581041916125002e+00,6.294702416037665671e+00,6.215189401360206034e+00
8.300000000000000711e+00,1.295805574948270793e-10,2.091930064389983107e-02,2.611437914071595631e-02,6.406515183267259772e+00,6.154003661352753340e+00,6.255578353055582852e+00,6.250178020174992355e+00,6.172252191910217789e+00
8.349999999999999645e+00,1.292654659087057203e-10,2.328418892595197215e-02,2.926529500192959557e-02,6.387062965171388385e+00,6.113435518937016866e+00,6.210747256890691403e+00,6.205708619487438682e+00,6.129331923771168533e+00
8.400000000000000355e+00,1.289128393660212572e-10,2.591522679003069665e-02,3.279156042877386795e-02,6.368793236038520433e+00,6.073487179315840478e+00,6.166137468519444553e+00,6.161240140135134880e+00,6.086294994730266694e+00
8.449999999999999289e+00,1.285183309117662325e-10,2.884102696509799335e-02,3.673664497132431150e-02,6.351684198505473944e+00,6.034369159978545838e+00,6.121923760969558259e+00,6.116887855405096275e+00,6.043136292834738299e+00
8.500000000000000000e+00,1.280771222276137557e-10,3.209005787892005995e-02,4.114873181284920550e-02,6.335680730038127706e+00,5.996289715480131122e+00,6.078204486646619387e+00,6.072705911340108287e+00,5.999968983152463409e+00
8.550000000000000711e+00,1.275838808827209352e-10,3.569881590602714400e-02,4.608114526177727738e-02,6.320793961291137464e+00,5.959469576947491021e+00,6.035034925795216054e+00,6.028686689103885499e+00,5.956833442404537493e+00
8.599999999999999645e+00,1.270327159803672984e-10,3.970834007137640648e-02,5.159279428531347855e-02,6.307084623716981753e+00,5.924035805443665481e+00,5.992474319573112496e+00,5.984848201392523492e+00,5.913738185898552047e+00
8.650000000000000355e+00,1.264171328553009407e-10,4.415740860257933581e-02,5.774862553597726739e-02,6.294636759247126179e+00,5.890059353760072725e+00,5.950556747856097672e+00,5.941216338153083143e+00,5.870677237312889929e+00
8.699999999999999289e+00,1.257299877433351435e-10,4.909070021134764178e-02,6.462007665563541947e-02,6.283530291657001499e+00,5.857675322455449418e+00,5.909318445848001033e+00,5.897800768724088982e+00,5.827493824488826135e+00
8.750000000000000000e+00,1.249634436793087182e-10,5.455501640957987480e-02,7.228551729589938191e-02,6.273783156264983063e+00,5.827126297042866554e+00,5.868901908379804411e+00,5.854664767761668998e+00,5.784091720947230897e+00
8.800000000000000711e+00,1.241089292945363920e-10,6.060271555277552818e-02,8.083066114362261190e-02,6.265358152691234750e+00,5.798647453530136886e+00,5.829517958784457221e+00,5.811976621778192964e+00,5.740583412973244037e+00
8.849999999999999645e+00,1.231571026937356084e-10,6.729211045723766660e-02,9.034892715163050925e-02,6.258228842644399492e+00,5.772364071087601189e+00,5.791243991359273480e+00,5.769742697061005288e+00,5.696939765698701308e+00
8.900000000000000355e+00,1.220978232077485181e-10,7.468363399240772471e-02,1.009417220115015473e-01,6.252448604554800227e+00,5.748357633600058136e+00,5.754151024958034100e+00,5.728015929426433672e+00,5.653126827945953892e+00
8.949999999999999289e+00,1.209201345549134878e-10,8.283669514348808438e-02,1.127186085398518139e-01,6.248153258495321438e+00,5.726718326269022441e+00,5.718450746133143525e+00,5.687150192030856033e+00,5.609435332858396350e+00
9.000000000000000000e+00,1.196122638108092691e-10,9.181802228993909964e-02,1.257973159808938313e-01,6.245498445163569556e+00,5.707415415014935434e+00,5.684258335410113716e+00,5.647346965109562689e+00,5.566088657880591484e+00
9.050000000000000711e+00,1.181616415882525359e-10,1.017060718591563523e-01,1.403035382064614089e-01,6.244661426524992009e+00,5.690328868759287673e+00,5.651591373839835342e+00,5.608650105227489746e+00,5.523246239674236335e+00
9.099999999999999645e+00,1.165549499629372957e-10,1.125723691391031511e-01,1.563704544596136448e-01,6.245835062204612598e+00,5.675257438684063516e+00,5.619945046880147288e+00,5.570459946129766138e+00,5.480722613027467105e+00
9.150000000000000355e+00,1.147782059270166283e-10,1.244895980641712863e-01,1.741378948188204434e-01,6.249133110711284189e+00,5.661655791629414125e+00,5.587756362579746394e+00,5.530298434601128577e+00,5.435151223251253327e+00
9.199999999999999289e+00,1.128168894742958363e-10,1.374981882634833952e-01,1.937510593460281816e-01,6.254839350106479401e+00,5.649800280151026755e+00,5.555203278495241648e+00,5.487139318249631970e+00,5.382569224819128806e+00
9.250000000000000000e+00,1.106561267475665678e-10,1.516335752119790659e-01,2.153586866133209710e-01,6.263526433835622242e+00,5.642133678568640676e+00,5.528197188021991337e+00,5.449704153419780539e+00,5.335444354357136376e+00
9.300000000000000711e+00,1.082809399005543043e-10,1.669991399334268822e-01,2.391105550834436155e-01,6.275433060141452302e+00,5.639265871837785937e+00,5.508395662960587913e+00,5.421305496106711530e+00,5.300093825556388083e+00
9.349999999999999645e+00,1.056765762784553393e-10,1.836964117270253605e-01,2.651541913044333509e-01,6.290592720225951950e+00,5.639812613144272291e+00,5.492124754268203901e+00,5.396434198744614719e+00,5.268152568936159241e+00
9.400000000000000355e+00,1.028289299660212022e-10,2.017904483555307826e-01,2.936306544287745068e-01,6.309290875467439719e+00,5.643889590111619725e+00,5.479331562284869506e+00,5.374929210975622595e+00,5.239240412469818864e+00
9.449999999999999289e+00,9.972506836808128198e-11,2.213376656942127596e-01,3.246692704081737824e-01,6.331888080619641812e+00,5.651798736604682460e+00,5.470301808142359334e+00,5.357081182410816211e+00,5.213662869053017346e+00
9.500000000000000000e+00,9.635387485160884170e-11,2.423748277554481634e-01,3.583812055728981538e-01,6.358795780339484338e+00,5.663662818898167473e+00,5.464802192034262873e+00,5.342517829433369059e+00,5.191015222196995182e+00
9.550000000000000711e+00,9.270681506118946980e-11,2.649198168417554178e-01,3.948518034770919782e-01,6.390381026452935487e+00,5.679550363044057804e+00,5.462624917530249036e+00,5.330974983418968804e+00,5.171086473029966157e+00
9.599999999999999645e+00,8.877882869096429432e-11,2.889728069862213533e-01,4.341316671793437054e-01,6.427048837239446755e+00,5.699900607636493532e+00,5.464460295656827782e+00,5.323380033398379396e+00,5.155077504870838823e+00
9.650000000000000355e+00,8.456933955643718430e-11,3.144992489943021496e-01,4.762265585246148181e-01,6.469230283615928556e+00,5.725119389878805976e+00,5.470827656767745850e+00,5.320341742756042436e+00,5.143697723413303891e+00
9.699999999999999289e+00,8.008336405925097278e-11,3.414292418466096657e-01,5.210863134964769383e-01,6.517300489955097476e+00,5.755508321171596720e+00,5.482105305583765187e+00,5.322316988356732281e+00,5.137470314107709157e+00
9.750000000000000000e+00,7.533268100141639476e-11,3.696544550313492494e-01,5.685931440748227539e-01,6.572045297532348229e+00,5.791860622888307830e+00,5.499124912819610245e+00,5.330122101371493670e+00,5.137168964744112998e+00
9.800000000000000711e+00,7.033700392853883490e-11,3.990173609330186499e-01,6.185499148035983330e-01,6.634542823118238175e+00,5.835202058324426844e+00,5.522775375225378980e+00,5.344464927033946822e+00,5.143255756732109774e+00
9.849999999999999645e+00,6.512507111824065115e-11,4.293163064430429721e-01,6.706692429065801431e-01,6.705688513982629217e+00,5.886226905972044676e+00,5.553641237349012272e+00,5.365999770475568198e+00,5.156549830881239416e+00
9.900000000000000355e+00,5.973553931930450742e-11,4.602912781649120544e-01,7.245645608959415673e-01,6.786420169547255909e+00,5.945378239532978171e+00,5.591733534945333872e+00,5.394588784488618671e+00,5.176830361883595799e+00
9.949999999999999289e+00,5.421753815772774440e-11,4.916103149077322154e-01,7.797445725117090332e-01,6.877855397364470491e+00,6.013415134846553656e+00,5.637556152383517372e+00,5.430581449525938353e+00,5.204256768011802592e+00
1.000000000000000000e+01,4.863071739836351193e-11,5.228892190880536361e-01,8.356127801053515602e-01,6.981218731832768754e+00,6.091182452256205693e+00,5.691742988871887121e+00,5.474556871542532122e+00,5.239383554315054425e+00
1.005000000000000071e+01,4.304460579879069132e-11,5.536965518710169620e-01,8.914738961010798546e-01,7.097860676073253217e+00,6.179480526192783429e+00,5.754710979505127000e+00,5.526781832524534366e+00,5.282352506817808546e+00
1.009999999999999964e+01,3.753710703624059620e-11,5.835629094052845467e-01,9.465488837265807476e-01,7.229216116471732789e+00,6.279093659967038832e+00,5.826901850861680998e+00,5.587630738194491187e+00,5.333431642136396533e+00
1.015000000000000036e+01,3.219199540889865628e-11,6.119971833606675515e-01,1.000000000000000000e+00,7.376811879709450182e+00,6.390903945504177841e+00,5.909029692797886923e+00,5.657880337607068100e+00,5.393436883653492941e+00
