# log_age,instantaneous_sfr,integrated_stellar_mass,integrated_formed_mass,u,g,r,i,z
5.500000000000000000e+00,3.363314609928959146e-10,1.060980048172615253e-04,1.063629522722671806e-04,1.005888970854186937e+01,1.040341757403948009e+01,1.090764773734598236e+01,1.127039961749564156e+01,1.158537542181277047e+01
5.549999999999999822e+00,3.363271351677051022e-10,1.190399470139614005e-04,1.193404278445334078e-04,9.933828134074808247e+00,1.027833614499780879e+01,1.078255245983822874e+01,1.114529501876254614e+01,1.146026229598574986e+01
5.599999999999999645e+00,3.363222815782462941e-10,1.335534801674296483e-04,1.339011962210633685e-04,9.808614584148450888e+00,1.015306588596013881e+01,1.065724252265317062e+01,1.101995790865481695e+01,1.133490012740930553e+01
5.650000000000000355e+00,3.363168358446878871e-10,1.498303213582116277e-04,1.502383968961633624e-04,9.682977778491448362e+00,1.002735675826679085e+01,1.053147374165358485e+01,1.089414750441576274e+01,1.120905250309144918e+01
5.700000000000000178e+00,3.363107257361108947e-10,1.680842038763972492e-04,1.685687226273783351e-04,9.556826721176030048e+00,9.901124279722729682e+00,1.040516417527205562e+01,1.076778270107512014e+01,1.108263891420707381e+01
5.750000000000000000e+00,3.363038702136798187e-10,1.885525691038941981e-04,1.891352899204490551e-04,9.430323506493465402e+00,9.774517998982901190e+00,1.027846416969315158e+01,1.064101250869387627e+01,1.095580470071114831e+01
5.799999999999999822e+00,3.362961783573623118e-10,2.115054507496829013e-04,2.122108588729707391e-04,9.303116973678008605e+00,9.647214777175634026e+00,1.015106077184458400e+01,1.051352964286628833e+01,1.082824784351532088e+01
5.849999999999999645e+00,3.362875481620612152e-10,2.372461988968028752e-04,2.381014447763088037e-04,9.174807960762905168e+00,9.518843923961199494e+00,1.002259457760866468e+01,1.038498067940619762e+01,1.069962029999749120e+01
5.900000000000000355e+00,3.362778651873253406e-10,2.661088150819620286e-04,2.671503689839050777e-04,9.045580561734666958e+00,9.389572982643613841e+00,9.893242175245205772e+00,1.025554352765179544e+01,1.057009497106032825e+01
5.950000000000000178e+00,3.362670010428930757e-10,2.984699239467030461e-04,2.997428022806590932e-04,8.915191222301118046e+00,9.259176558018552328e+00,9.762798531845064076e+00,1.012502176146623611e+01,1.043947634863302909e+01
6.000000000000000000e+00,3.362548116901911995e-10,3.347506133914250333e-04,3.363108603862553889e-04,8.783431586502032928e+00,9.127459209361518333e+00,9.631085786249443004e+00,9.993245979033417825e+00,1.030759789386432601e+01
6.049999999999999822e+00,3.362411355375255976e-10,3.754164366393939649e-04,3.773393183831896315e-04,8.650545991456425554e+00,8.994641325478895055e+00,9.498323428850923733e+00,9.860436004189992332e+00,1.017467839330846147e+01
6.099999999999999645e+00,3.362257913040335868e-10,4.209912230651442181e-04,4.233720188591539690e-04,8.516293337502176541e+00,8.860485039328153789e+00,9.364263817152149727e+00,9.726343250861177125e+00,1.004047370113352144e+01
6.150000000000000355e+00,3.362085756244888758e-10,4.720509164118053902e-04,4.750190574934287191e-04,8.378217204781527983e+00,8.722449808231239388e+00,9.226165374832625332e+00,9.588145658050805764e+00,9.902108653576171093e+00
6.200000000000000178e+00,3.361892603637229642e-10,5.292132087549621588e-04,5.329648397909720345e-04,8.233770725120393763e+00,8.577631839334102892e+00,9.080954180447285751e+00,9.442747549870837531e+00,9.756408688970942933e+00
6.250000000000000000e+00,3.361675896057175422e-10,5.931837972878388878e-04,5.979771138074227660e-04,8.083897063461613186e+00,8.426848304586933125e+00,8.928535768888032464e+00,9.290415958642576300e+00,9.603477054334888408e+00
6.299999999999999822e+00,3.361432762782788540e-10,6.648532619312731923e-04,6.709170961234686009e-04,7.928495026918241706e+00,8.270580463686613371e+00,8.769660363886089272e+00,9.131907291669293159e+00,9.444244260948615022e+00
6.349999999999999645e+00,3.361159983696005328e-10,7.450744633936649949e-04,7.527508221582534251e-04,7.763889499220987034e+00,8.104823876463129295e+00,8.600682248652205431e+00,8.963737767261001466e+00,9.275356589726278855e+00
6.400000000000000355e+00,3.360853946878800272e-10,8.347102851659665874e-04,8.445618673199099770e-04,7.602020439463281321e+00,7.940847576950794462e+00,8.433469556330898342e+00,8.797409958053442836e+00,9.108190474990699670e+00
6.450000000000000178e+00,3.360510601094509975e-10,9.348919599304805674e-04,9.475656026068789324e-04,7.452665865278184754e+00,7.788751623045747863e+00,8.278848253973997373e+00,8.643185685217375180e+00,8.953068180281512412e+00
6.500000000000000000e+00,3.360125402545509822e-10,1.046752687346293349e-03,1.063125167307015298e-03,7.307701288635698234e+00,7.637874040811304610e+00,8.125179890090471702e+00,8.488817751670133305e+00,8.797063243198365967e+00
6.549999999999999822e+00,3.359693255228082574e-10,1.171882889479536208e-03,1.192769362535114766e-03,7.162892772387557727e+00,7.479793472344141492e+00,7.962300855123629617e+00,8.322698209002915348e+00,8.627449455385104216e+00
6.599999999999999645e+00,3.359208444127454553e-10,1.311911080220832387e-03,1.338212692723651743e-03,7.006365022075698334e+00,7.300712120522867110e+00,7.775236742688093727e+00,8.128807942252485930e+00,8.426825910559770705e+00
6.650000000000000355e+00,3.358664560409798414e-10,1.468387399722062992e-03,1.501377808020408315e-03,6.854776223112352795e+00,7.120574626503994864e+00,7.584745418368001424e+00,7.929176798324363062e+00,8.217154680051805826e+00
6.700000000000000178e+00,3.358054417673012148e-10,1.643448499539378440e-03,1.684420629056301898e-03,6.731724625781041027e+00,6.977333098361945929e+00,7.432039287167903296e+00,7.767729243060159661e+00,8.046373735597072141e+00
6.750000000000000000e+00,3.357369958213435860e-10,1.838716009344494367e-03,1.889758466929090290e-03,6.622881701597933102e+00,6.848564063988099804e+00,7.286953092130310949e+00,7.607861064069368240e+00,7.869619442581523572e+00
6.799999999999999822e+00,3.356602148150846873e-10,2.055721547349573589e-03,2.120101485705856281e-03,6.518712032353590757e+00,6.711356890459185820e+00,7.121576688335949257e+00,7.417789640138600760e+00,7.650648347689170237e+00
6.849999999999999645e+00,3.355740860128394499e-10,2.296935575239808860e-03,2.378487892441582315e-03,6.425464449608028872e+00,6.573556994021544142e+00,6.950566936784355221e+00,7.218033271842202225e+00,7.416956161129206748e+00
6.900000000000000355e+00,3.354774742167115916e-10,2.565180143462407556e-03,2.668323280825100809e-03,6.350191136834482108e+00,6.457100807680753007e+00,6.789733261468235526e+00,7.019761607387899005e+00,7.180986675704808420e+00
6.950000000000000178e+00,3.353691071105954785e-10,2.863387574578402442e-03,2.993424599173444972e-03,6.291201015582558398e+00,6.379369483665541907e+00,6.669315097939929160e+00,6.856057149228981018e+00,6.971985967106206772e+00
7.000000000000000000e+00,3.352475588897607596e-10,3.195005030240307114e-03,3.358069261677636575e-03,6.239140867461976825e+00,6.320325435474181575e+00,6.582871612486563606e+00,6.733259625348566146e+00,6.806359056348163961e+00
7.049999999999999822e+00,3.351112319858228808e-10,3.563939074179351373e-03,3.767049973491349343e-03,6.189148309588645702e+00,6.261002066067838712e+00,6.503371892267416854e+00,6.626895348677088293e+00,6.668735871778181945e+00
7.099999999999999645e+00,3.349583366785531313e-10,3.974336415726903611e-03,4.225735895300601445e-03,6.141511129831343396e+00,6.201484633980918204e+00,6.429324876027465052e+00,6.532048543422099840e+00,6.548757648874129700e+00
7.150000000000000355e+00,3.347868683666349493e-10,4.430892203049706900e-03,4.740140831055064501e-03,6.096558750459074361e+00,6.145007040959882261e+00,6.362571714837315540e+00,6.449397766016097933e+00,6.446300301546088463e+00
7.200000000000000178e+00,3.345945822493041718e-10,4.939040856569054845e-03,5.316999183047439390e-03,6.054259187644397855e+00,6.092988527366486551e+00,6.301302263987047070e+00,6.374461758079689844e+00,6.354882010665320990e+00
7.250000000000000000e+00,3.343789651501186278e-10,5.504628568847544715e-03,5.963850480604164679e-03,6.014541278615979536e+00,6.044790186546457278e+00,6.244009989390967519e+00,6.303505968547575833e+00,6.268099981982402369e+00
7.299999999999999822e+00,3.341372041932966099e-10,6.134099771754674552e-03,6.689133351070021029e-03,5.976671674500998677e+00,5.999490996819268673e+00,6.191149983452291394e+00,6.238836520074741543e+00,6.190305909790438932e+00
7.349999999999999645e+00,3.338661520227310345e-10,6.834897655614628059e-03,7.502289862766904453e-03,5.939694525871736630e+00,5.954860838662732192e+00,6.140212121746031926e+00,6.178609513021577015e+00,6.120377486767033304e+00
7.400000000000000355e+00,3.335622882347251251e-10,7.615159616476958708e-03,8.413881226784521508e-03,5.903480370260034249e+00,5.909956382980546152e+00,6.089086552880111469e+00,6.119336687732626956e+00,6.053155489150817914e+00
7.450000000000000178e+00,3.332216766787875889e-10,8.483637905124056036e-03,9.435715894597072537e-03,5.868071825752302573e+00,5.864886699134871151e+00,6.037957326213515330e+00,6.061085489499497214e+00,5.988417018887616905e+00
7.500000000000000000e+00,3.328399182678789539e-10,9.450069754657623028e-03,1.058099112732309964e-02,5.833547835916370161e+00,5.819880139011580411e+00,5.987297688109471494e+00,6.004405074712380497e+00,5.926646994686656456e+00
7.549999999999999822e+00,3.324120989321923304e-10,1.052550666020451997e-02,1.186444913438293620e-02,5.800031413949540138e+00,5.775131045004130215e+00,5.936859069167745417e+00,5.948760520849752709e+00,5.867118122500983191e+00
7.599999999999999645e+00,3.319327323512767855e-10,1.172200054805652009e-02,1.330254887712958335e-02,5.767763414860219484e+00,5.731017142911738915e+00,5.886523957321294631e+00,5.893598428796146038e+00,5.808873966098474284e+00
7.650000000000000355e+00,3.313956971111598959e-10,1.305256723118021316e-02,1.491365459748021129e-02,5.737069744876393429e+00,5.688263677805430518e+00,5.837507703088036237e+00,5.840160501133624393e+00,5.752803276151730927e+00
7.700000000000000178e+00,3.307941679600316970e-10,1.453173050972299263e-02,1.671824205086478929e-02,5.707951932264009542e+00,5.647443649545593303e+00,5.791577068724500066e+00,5.790572360471891500e+00,5.701092728029536261e+00
7.750000000000000000e+00,3.301205408829623850e-10,1.617624241200059376e-02,1.873912328207273312e-02,5.679869022491359942e+00,5.607726088613787852e+00,5.748093756962248335e+00,5.744518717860408685e+00,5.653877740615627090e+00
7.799999999999999822e+00,3.293663517892607301e-10,1.800498590840990051e-02,2.100169056317782376e-02,5.652485335366868924e+00,5.567948198196020826e+00,5.704778053899225654e+00,5.699365427929677708e+00,5.608363608747147566e+00
7.849999999999999645e+00,3.285221887131520232e-10,2.003813510214513122e-02,2.353417979150390638e-02,5.625878096237656223e+00,5.528131278114713609e+00,5.661458569173653643e+00,5.654680053707231480e+00,5.563798241068312223e+00
7.900000000000000355e+00,3.275775975789954065e-10,2.229806599266104944e-02,2.636795319397365958e-02,5.600062607452720442e+00,5.488280382863024442e+00,5.618234450714368222e+00,5.610626737873808167e+00,5.520377646070258493e+00
7.950000000000000178e+00,3.265209817879141854e-10,2.480951706765591527e-02,2.953780056721736977e-02,5.575099961788986036e+00,5.448318924094209592e+00,5.574839326821056318e+00,5.566790525588345417e+00,5.477601374891946762e+00
8.000000000000000000e+00,3.253394961576088268e-10,2.759909870269209795e-02,3.308225745813347940e-02,5.551117867012003160e+00,5.408354371472448463e+00,5.531310882142427943e+00,5.523099877812583713e+00,5.435278271966851094e+00
8.050000000000000711e+00,3.240189361082026582e-10,3.069601801839067640e-02,3.704393760635200927e-02,5.528243217212569505e+00,5.368597140359142372e+00,5.488007634750410091e+00,5.479950684341680756e+00,5.393771259806051432e+00
8.099999999999999645e+00,3.225436234543212832e-10,3.413261496286938007e-02,4.146987556799594521e-02,5.506558204083233932e+00,5.329190390645067055e+00,5.445080421981209895e+00,5.437399531891713877e+00,5.352936548667742045e+00
8.150000000000000355e+00,3.208962907607145457e-10,3.794114356780604186e-02,4.641187364881640270e-02,5.486137896688376259e+00,5.290235339122148162e+00,5.402527696750851760e+00,5.395308994165539218e+00,5.312481285819032450e+00
8.199999999999999289e+00,3.190579669725611304e-10,4.215595734394688571e-02,5.192684501327653190e-02,5.467085624126617915e+00,5.251848762828764450e+00,5.360479303734301482e+00,5.353822427744496792e+00,5.272655763445349919e+00
8.250000000000000000e+00,3.170078679724621327e-10,4.681803214641958727e-02,5.807714201357361966e-02,5.449533499614638288e+00,5.214123219819484234e+00,5.318908340673395685e+00,5.312826383675499642e+00,5.233342450065308071e+00
8.300000000000000711e+00,3.147232968770948259e-10,5.197711063947921956e-02,6.493085529967543290e-02,5.433603895743608803e+00,5.177182758315865385e+00,5.277882680024802653e+00,5.272302868340752013e+00,5.194454465970750334e+00
8.349999999999999645e+00,3.121795603021960705e-10,5.768654370044699886e-02,7.256206502437179129e-02,5.419412580649677125e+00,5.141183860764108715e+00,5.237505162308984552e+00,5.232307631741520026e+00,5.156059573564895970e+00
8.400000000000000355e+00,3.093499085290290947e-10,6.399823249049137186e-02,8.105102034387259846e-02,5.407077546912056221e+00,5.106369388686623267e+00,5.197883382066002866e+00,5.192839685847481235e+00,5.118074205822864542e+00
8.449999999999999289e+00,3.062055095287957638e-10,7.096702573932711644e-02,9.048421734457257060e-02,5.396660111612973765e+00,5.073026803961539599e+00,5.159262154339067763e+00,5.154080085855277105e+00,5.080553364184282827e+00
8.500000000000000000e+00,3.027154691642862423e-10,7.864325856251851155e-02,1.009543384381012127e-01,5.388195995798561455e+00,5.041452089673192916e+00,5.121815253191641659e+00,5.116153634550030915e+00,5.043682366046986942e+00
8.550000000000000711e+00,2.988469125940618146e-10,8.709266991286719606e-02,1.125600081487744819e-01,5.381801384257180132e+00,5.011966584369289990e+00,5.085680207063319358e+00,5.079128034687833804e+00,5.007578202190828165e+00
8.599999999999999645e+00,2.945651449291684522e-10,9.638627214004101551e-02,1.254053111434545176e-01,5.377657964265047497e+00,4.984805979258673858e+00,5.051008110161035347e+00,5.043105794044478785e+00,4.972332347665329166e+00
8.650000000000000355e+00,2.898339124681796825e-10,1.065818677391844882e-01,1.395990085264208480e-01,5.375987508572144691e+00,4.960159865323483075e+00,5.017933415020763732e+00,5.008206546849535812e+00,4.938028842352558456e+00
8.699999999999999289e+00,2.846157892324260301e-10,1.177432818461874170e-01,1.552533782336817936e-01,5.377024318981341366e+00,4.938301855189997980e+00,4.986603636526638184e+00,4.974541720751652463e+00,4.904597032429194314e+00
8.750000000000000000e+00,2.788727168197926809e-10,1.299289598465284690e-01,1.724825954715818732e-01,5.380952619742551235e+00,4.919640980391996266e+00,4.957293902980779876e+00,4.942291033096353203e+00,4.872037737011424952e+00
8.800000000000000711e+00,2.725667284520171305e-10,1.431986842425821971e-01,1.914005605749085070e-01,5.387912765323569886e+00,4.904601288781520907e+00,4.930369905315096446e+00,4.911761268329534857e+00,4.840587520672734456e+00
8.849999999999999645e+00,2.656608900086888345e-10,1.576120864442079605e-01,2.121180759048934827e-01,5.398074109039271207e+00,4.893509819286343543e+00,4.906067355405980379e+00,4.883093724686894177e+00,4.810336674491708209e+00
8.900000000000000355e+00,2.581204911246776657e-10,1.732162481570143908e-01,2.347392725569270033e-01,5.411716368457220483e+00,4.886668889611080147e+00,4.884631420185314710e+00,4.856494347135082990e+00,4.781378872956977943e+00
8.949999999999999289e+00,2.499145171428385914e-10,1.900348741705190636e-01,2.593571945024441550e-01,5.429239252457229270e+00,4.884415891319044079e+00,4.866484865781956159e+00,4.832525647790319567e+00,4.754186100111269297e+00
9.000000000000000000e+00,2.410174266609663318e-10,2.080866329336196197e-01,2.860484659480608816e-01,5.451095573512276360e+00,4.886972335849456783e+00,4.851960887348504059e+00,4.811597908416068492e+00,4.729170688584815707e+00
9.050000000000000711e+00,2.314112481212384426e-10,2.273925099870494904e-01,3.148670015672445643e-01,5.477797679760648464e+00,4.894473161461441180e+00,4.841297041968083192e+00,4.793956595899850015e+00,4.706688823636113739e+00
9.099999999999999645e+00,2.210879906631286981e-10,2.479250430487704715e-01,3.458367739415738051e-01,5.509913986179093115e+00,4.906964003366645954e+00,4.834105891732434657e+00,4.779076295250170858e+00,4.686691391786418137e+00
9.150000000000000355e+00,2.100523374879135307e-10,2.696266139413066032e-01,3.789437334672193791e-01,5.547948447811975825e+00,4.924052752135985145e+00,4.828656366284938883e+00,4.764073645421092351e+00,4.665189650472527205e+00
9.199999999999999289e+00,1.983245525788812431e-10,2.923228008698958713e-01,4.141270881943162063e-01,5.592668405008517141e+00,4.946384256133704582e+00,4.825330871725000748e+00,4.747748279206348343e+00,4.637258620541309995e+00
9.250000000000000000e+00,1.859434826204405832e-10,3.157954408050592243e-01,4.512702980696382538e-01,5.645298393100219414e+00,4.977557035397786933e+00,4.832036105471544829e+00,4.741474217689351178e+00,4.618933345221435616e+00
9.300000000000000711e+00,1.729694753183560319e-10,3.399645255324200144e-01,4.901923199758919103e-01,5.706671900557040544e+00,5.018891868749150831e+00,4.851421423897349428e+00,4.749988551587350116e+00,4.618745769716674943e+00
9.349999999999999645e+00,1.594869649579199353e-10,3.647075129797135440e-01,5.306398510572001292e-01,5.777362475109313777e+00,5.068959797577001325e+00,4.879008046681732935e+00,4.766422117549502957e+00,4.626122339431113062e+00
9.400000000000000355e+00,1.456064008730469677e-10,3.897789811313941422e-01,5.722815433118191297e-01,5.858344416152519329e+00,5.128368695086400919e+00,4.915082182064594463e+00,4.790877266098853227e+00,4.640830581170035884e+00
9.449999999999999289e+00,1.314651236327584222e-10,4.148918527368926079e-01,6.147053750326846311e-01,5.950754112927043593e+00,5.198001514349954277e+00,4.960384465892296646e+00,4.824050802370521751e+00,4.663532255773596091e+00
9.500000000000000000e+00,1.172267414654740126e-10,4.397031414124488169e-01,6.574205215345378939e-01,6.055857298270247213e+00,5.278429797786188260e+00,5.014801216413665941e+00,4.865578703970498964e+00,4.693777051177455917e+00
9.550000000000000711e+00,1.030785456315412578e-10,4.638370525638880193e-01,6.998651090363361416e-01,6.174853701359040770e+00,5.370029927789047974e+00,5.078096727200758664e+00,4.915099751760287461e+00,4.731256763712821112e+00
9.599999999999999645e+00,8.922655277701077559e-11,4.869118370269817642e-01,7.414210875999276418e-01,6.308989888895432330e+00,5.473731024831650416e+00,5.151443684184869198e+00,4.974137486743344994e+00,4.777911167639594225e+00
9.650000000000000355e+00,7.588790117121286026e-11,5.085285093858260552e-01,7.814370424173213703e-01,6.459463254300523261e+00,5.590230147082941414e+00,5.235578080158425962e+00,5.043560758814166434e+00,4.834764791368961312e+00
9.699999999999999289e+00,6.328057828413789529e-11,5.283065969616301816e-01,8.192590110785461510e-01,6.627119308089440608e+00,5.719764866663012981e+00,5.330835461406664422e+00,5.123894975994829792e+00,4.902505914073763904e+00
9.750000000000000000e+00,5.161082772151253103e-11,5.459159610107277016e-01,8.542682627664223149e-01,6.813587727348959788e+00,5.863360716403548167e+00,5.438205976468204028e+00,5.216104237160045898e+00,4.982016927639236314e+00
9.800000000000000711e+00,4.105905621177203014e-11,5.610892986835662732e-01,8.859235772956438604e-01,7.021136216381982820e+00,6.022371513106904217e+00,5.558636730909690016e+00,5.320779329214602171e+00,5.073416202872380154e+00
9.849999999999999645e+00,3.176557933558633872e-11,5.736717943403364384e-01,9.138040079242009117e-01,7.251111693010734882e+00,6.196737218290095939e+00,5.691850155176538806e+00,5.437911689863639708e+00,5.177150295628145216e+00
9.900000000000000355e+00,2.381800462655701153e-11,5.836080229371012340e-01,9.376467320512889003e-01,7.504256558255562481e+00,6.384764526566321763e+00,5.835385902934540070e+00,5.564936478520657204e+00,5.290671686479605285e+00
9.949999999999999289e+00,1.724230769955940773e-11,5.909279936356635066e-01,9.573738228322816735e-01,7.780887946171105796e+00,6.584609616593510850e+00,5.987284276994635945e+00,5.699806011453269150e+00,5.411713133839484158e+00
1.000000000000000000e+01,1.199955109901616391e-11,5.957921880860685970e-01,9.731020926339114530e-01,8.080203403260412642e+00,6.793513456443726284e+00,6.145236538530966186e+00,5.840487796955891042e+00,5.538501671986310271e+00
1.005000000000000071e+01,7.989602905974885369e-12,5.984721571594512346e-01,9.851319372130352692e-01,8.399759640451826215e+00,7.007177208840850824e+00,6.305472728602850907e+00,5.983370975273821557e+00,5.667520185162025825e+00
1.009999999999999964e+01,5.062115782270830976e-12,5.993169403910656445e-01,9.939143985841474294e-01,8.734464643302850106e+00,7.220202426055614353e+00,6.464122343161285755e+00,6.125168701165783602e+00,5.795689756688481964e+00
1.015000000000000036e+01,3.033581976986616023e-12,5.987145902220100124e-01,1.000000000000000000e+00,9.075964934181136812e+00,7.427411540870615170e+00,6.618740942351692524e+00,6.264407231648633001e+00,5.922162630066743816e+00
