# log_age,instantaneous_sfr,integrated_stellar_mass,integrated_formed_mass,g,r
5.500000000000000000e+00,9.996845555433802483e-10,3.157192668083002294e-04,3.161780032180248803e-04,9.775819806968243597e+00,1.028614844393669614e+01
5.549999999999999822e+00,9.996459828359651938e-10,3.542303574464019875e-04,3.547507106329904174e-04,9.650923101337546939e+00,1.016124469165808364e+01
5.599999999999999645e+00,9.996027053182175144e-10,3.974308566192163105e-04,3.980282283807901143e-04,9.525901683468397607e+00,1.003620841028776312e+01
5.650000000000000355e+00,9.995541493751204747e-10,4.458902223444188113e-04,4.465841714777974347e-04,9.400793063896536239e+00,9.911078112505194326e+00
5.700000000000000178e+00,9.994996715187609801e-10,5.002415569482338530e-04,5.010620278372611772e-04,9.275825944145410062e+00,9.786076824939861751e+00
5.750000000000000000e+00,9.994385498932694719e-10,5.612059970209196591e-04,5.621836533287537891e-04,9.150686897123897268e+00,9.660895950478192162e+00
5.799999999999999822e+00,9.993699747511547333e-10,6.295860563844646015e-04,6.307587954436856721e-04,9.025392534530261912e+00,9.535554181840282695e+00
5.849999999999999645e+00,9.992930377775783486e-10,7.062881828292340769e-04,7.076957690198914337e-04,8.899686409942994203e+00,9.409798709191711907e+00
5.900000000000000355e+00,9.992067201245861953e-10,7.923297641479904721e-04,7.940134220121220681e-04,8.773333888505469247e+00,9.283397291372452287e+00
5.950000000000000178e+00,9.991098790011344936e-10,8.888388423950251312e-04,8.908545454639114035e-04,8.646589578023906597e+00,9.156609325388181730e+00
6.000000000000000000e+00,9.990012326467933570e-10,9.970868722487735356e-04,9.995008998049254023e-04,8.519381716471691846e+00,9.029361765607461621e+00
6.049999999999999822e+00,9.988793434970540268e-10,1.118494708026792185e-03,1.121390049544182012e-03,8.391637049683893679e+00,8.901571085071097400e+00
6.099999999999999645e+00,9.987425993260618420e-10,1.254656578968881778e-03,1.258134220536421535e-03,8.263302031793003266e+00,8.773183037954602526e+00
6.150000000000000355e+00,9.985891921281378878e-10,1.407386367522790683e-03,1.411541418460576401e-03,8.133819519219095184e+00,8.643644941192924591e+00
6.200000000000000178e+00,9.984170944724315837e-10,1.578698462382806212e-03,1.583639074166699225e-03,8.002898436368418800e+00,8.512660622864366644e+00
6.250000000000000000e+00,9.982240330352789300e-10,1.770814868195745876e-03,1.776700511319470252e-03,7.870626465357233315e+00,8.380304426684432428e+00
6.299999999999999822e+00,9.980074589821031849e-10,1.986255347708266832e-03,1.993274564495138308e-03,7.736669640773335743e+00,8.246239279598157168e+00
6.349999999999999645e+00,9.977645148348441135e-10,2.227881507185764873e-03,2.236218711754197567e-03,7.599739443694446095e+00,8.109189101934624944e+00
6.400000000000000355e+00,9.974919974217070360e-10,2.498899393426915784e-03,2.508736124891342185e-03,7.455663545520835100e+00,7.965014534195610452e+00
6.450000000000000178e+00,9.971863164634286773e-10,2.802773745025601265e-03,2.814417083169758454e-03,7.292917003527371378e+00,7.801755665886318525e+00
6.500000000000000000e+00,9.968434483041171065e-10,3.143156652385670907e-03,3.157285242481259156e-03,7.045520493145033925e+00,7.542877557646029629e+00
6.549999999999999822e+00,9.964588842450843531e-10,3.523317022608539809e-03,3.541849301513895574e-03,6.738277153071223324e+00,7.217902029209369630e+00
6.599999999999999645e+00,9.960275728870314125e-10,3.946580485969525785e-03,3.973160659566913992e-03,6.447275495908499465e+00,6.871793320201390998e+00
6.650000000000000355e+00,9.955438558297291205e-10,4.417956380968515208e-03,4.456877716869147091e-03,6.250008420842505075e+00,6.639967370771962862e+00
6.700000000000000178e+00,9.950013960194121002e-10,4.943485503273256469e-03,4.999337527186125882e-03,6.127241732186178069e+00,6.523753809326493069e+00
6.750000000000000000e+00,9.943930979731662434e-10,5.529359762394705710e-03,5.607635573431988228e-03,6.013852846098281191e+00,6.415433741346596719e+00
6.799999999999999822e+00,9.937110190477088044e-10,6.180535051308006476e-03,6.289714498889431571e-03,5.915508788908461213e+00,6.321359903386579049e+00
6.849999999999999645e+00,9.929462708586139916e-10,6.903089293630864688e-03,7.054462687984299797e-03,5.821609982764393010e+00,6.230728387884518327e+00
6.900000000000000355e+00,9.920889098973017401e-10,7.705753978265655196e-03,7.911823649296637409e-03,5.727498528070739781e+00,6.139048744016903925e+00
6.950000000000000178e+00,9.911278163397705366e-10,8.597279415727873339e-03,8.872917206827798942e-03,5.637781442693558631e+00,6.051188397178243861e+00
7.000000000000000000e+00,9.900505599968558049e-10,9.587162863493561143e-03,9.950173549742499443e-03,5.553453526392921447e+00,5.967947012158418829e+00
7.049999999999999822e+00,9.888432523256109215e-10,1.068580498521653349e-02,1.115748122098736590e-02,5.474051170282685064e+00,5.888720312762963260e+00
7.099999999999999645e+00,9.874903834116321000e-10,1.190459705614581309e-02,1.251035013496620309e-02,5.398634034082306243e+00,5.812024360422768154e+00
7.150000000000000355e+00,9.859746428509518573e-10,1.325599780809868025e-02,1.402609069564649848e-02,5.328845329537251985e+00,5.738484693179721319e+00
7.200000000000000178e+00,9.842767235180035970e-10,1.475413278920025516e-02,1.572401002859466143e-02,5.267851056464422754e+00,5.671938932707938363e+00
7.250000000000000000e+00,9.823751073163582989e-10,1.641624555809297753e-02,1.762562623023997480e-02,5.212621963511502088e+00,5.610443740006353153e+00
7.299999999999999822e+00,9.802458321881216792e-10,1.826123640295944719e-02,1.975490135847656273e-02,5.158246130204233282e+00,5.549084950180727560e+00
7.349999999999999645e+00,9.778622399268725011e-10,2.030882100191236037e-02,2.213849361972575550e-02,5.105570126333716985e+00,5.489267922650576281e+00
7.400000000000000355e+00,9.751947047235367909e-10,2.258130514584625118e-02,2.480602882306145313e-02,5.054354784551946977e+00,5.430788971459243442e+00
7.450000000000000178e+00,9.722103429062793962e-10,2.510287239387477137e-02,2.779039064031893144e-02,5.003020008240262939e+00,5.371637072287320791e+00
7.500000000000000000e+00,9.688727050528311356e-10,2.789940055054466669e-02,3.112802849376723746e-02,4.952445626802564504e+00,5.312666144556310144e+00
7.549999999999999822e+00,9.651414526030696475e-10,3.099908285441659028e-02,3.485928094352865048e-02,4.903448689397606586e+00,5.255117684338351580e+00
7.599999999999999645e+00,9.609720223364797365e-10,3.443370584369705861e-02,3.902871121011854127e-02,4.854763270516627927e+00,5.198253087272085793e+00
7.650000000000000355e+00,9.563152836684450251e-10,3.823730058227867157e-02,4.368544987815325964e-02,4.806070732825567404e+00,5.141724875238914194e+00
7.700000000000000178e+00,9.511171957366206048e-10,4.244591613204815039e-02,4.888353780997771458e-02,4.757518235054625677e+00,5.085669643095890535e+00
7.750000000000000000e+00,9.453184737795832340e-10,4.709886539547481626e-02,5.468225976701514279e-02,4.709378199696111267e+00,5.030445283775890175e+00
7.799999999999999822e+00,9.388542774494253483e-10,5.223845007705858745e-02,6.114645609717286184e-02,4.661579383544612654e+00,4.975787317110707875e+00
7.849999999999999645e+00,9.316539375493750285e-10,5.790978018238821662e-02,6.834679599722323640e-02,4.614293043406767936e+00,4.921693802063778378e+00
7.900000000000000355e+00,9.236407423499123959e-10,6.416202668277828924e-02,7.635999119668582247e-02,4.567467339617635957e+00,4.867867332870595476e+00
7.950000000000000178e+00,9.147318102085849673e-10,7.104756082287973229e-02,8.526892333801337764e-02,4.520560468794073472e+00,4.813460168886500412e+00
8.000000000000000000e+00,9.048380817763696190e-10,7.861965985475148633e-02,9.516265177022877053e-02,4.474014796687512785e+00,4.759075615636689349e+00
8.050000000000000711e+00,8.938644726545111052e-10,8.693472122239488675e-02,1.061362608920871919e-01,4.427872639566288626e+00,4.703815440127478098e+00
8.099999999999999645e+00,8.817102359404911844e-10,9.605158962366788789e-02,1.182904976061071728e-01,4.382135727658550195e+00,4.647697511910180879e+00
8.150000000000000355e+00,8.682695935343503085e-10,1.060180265669319333e-01,1.317311400122480602e-01,4.337025961384341599e+00,4.591683693360266716e+00
8.199999999999999289e+00,8.534327050724506537e-10,1.168843753800397484e-01,1.465680284741477657e-01,4.292702663460886470e+00,4.535657146056841782e+00
8.250000000000000000e+00,8.370870533931206620e-10,1.287215426741296631e-01,1.629136801534777079e-01,4.249745628298214228e+00,4.480725380274677150e+00
8.300000000000000711e+00,8.191193346823506458e-10,1.415941835996347709e-01,1.808813988642476445e-01,4.208432411124668704e+00,4.427588810826534882e+00
8.349999999999999645e+00,7.994179486455850985e-10,1.555344215595073354e-01,2.005827849010131392e-01,4.169200912828500805e+00,4.376256932912220066e+00
8.400000000000000355e+00,7.778761874178573780e-10,1.706061221927140936e-01,2.221245461287409406e-01,4.132080431875280624e+00,4.326822832403365737e+00
8.449999999999999289e+00,7.543962190191194225e-10,1.868672132139058140e-01,2.456045145274788621e-01,4.097183291311161213e+00,4.280071155735413413e+00
8.500000000000000000e+00,7.288939487873090407e-10,2.043187685204183035e-01,2.711067847592892321e-01,4.065455058349904505e+00,4.237364098523947575e+00
8.550000000000000711e+00,7.013048163710343831e-10,2.229695736946156193e-01,2.986959171755639852e-01,4.036839970224690433e+00,4.198187922885068701e+00
8.599999999999999645e+00,6.715905417703969639e-10,2.428043600170424476e-01,3.284101917762013434e-01,4.011172198285535728e+00,4.161627878582947915e+00
8.650000000000000355e+00,6.397467662879052739e-10,2.637733271948708991e-01,3.602539672586930752e-01,3.989687122215094917e+00,4.128908240256457418e+00
8.699999999999999289e+00,6.058114377985957019e-10,2.857641712822486801e-01,3.941892957480025994e-01,3.973620173236277253e+00,4.101442771369228524e+00
8.750000000000000000e+00,5.698736601140462718e-10,3.086742486507402239e-01,4.301270734325520206e-01,3.963379990969208677e+00,4.079340614357995776e+00
8.800000000000000711e+00,5.320825614776518884e-10,3.324091844282778818e-01,4.679181720689464252e-01,3.960082313260478770e+00,4.063076325220819740e+00
8.849999999999999645e+00,4.926555400655601822e-10,3.567743262618516265e-01,5.073451934810381259e-01,3.964565190141883022e+00,4.053107104765039992e+00
8.900000000000000355e+00,4.518850249088910641e-10,3.815172861370059731e-01,5.481157086377073107e-01,3.976717283021024230e+00,4.049277329275604131e+00
8.949999999999999289e+00,4.101426698425394965e-10,4.063087411034025931e-01,5.898580637040587993e-01,3.997203996050551211e+00,4.052376017712973066e+00
9.000000000000000000e+00,3.678797110281549743e-10,4.308293737778482457e-01,6.321210225184433762e-01,4.026339596550293720e+00,4.062557182805775824e+00
9.050000000000000711e+00,3.256221168374711166e-10,4.547728376314845167e-01,6.743786167091272432e-01,4.062823618940448966e+00,4.077610310006676286e+00
9.099999999999999645e+00,2.839592099003213407e-10,4.777124376490394231e-01,7.160415236462769339e-01,4.103771970273299985e+00,4.091952195994991826e+00
9.150000000000000355e+00,2.435247226857454731e-10,4.989676097395350229e-01,7.564760108608528100e-01,4.157161345565640431e+00,4.117045598493284331e+00
9.199999999999999289e+00,2.049698346100440074e-10,5.182117583890570867e-01,7.950308989365543200e-01,4.226888417849806956e+00,4.159844802559732102e+00
9.250000000000000000e+00,1.689286780527328201e-10,5.353133498175021154e-01,8.310720554938655358e-01,4.305314898681153579e+00,4.209237586885294036e+00
9.300000000000000711e+00,1.359780801746560668e-10,5.499303852115096092e-01,8.640226533719422841e-01,4.392630401610304602e+00,4.264612444223203624e+00
9.349999999999999645e+00,1.065948153396319693e-10,5.619332582388582020e-01,8.934059182069663541e-01,4.490011311080159828e+00,4.328720312480598409e+00
9.400000000000000355e+00,8.111513628601074766e-11,5.712334782117219900e-01,9.188855972605876055e-01,4.598977151203200719e+00,4.405252914746149884e+00
9.449999999999999289e+00,5.970245138399562987e-11,5.778796956826099951e-01,9.402982821626026944e-01,4.719262679543568595e+00,4.494730322120638277e+00
9.500000000000000000e+00,4.232925067366005019e-11,5.820464318591443975e-01,9.576714828729382400e-01,4.849785728335334056e+00,4.595325228328476896e+00
9.550000000000000711e+00,2.877831408053180580e-11,5.839873164674083128e-01,9.712224194660665777e-01,4.990268444271350745e+00,4.706081490000926237e+00
9.599999999999999645e+00,1.866563825362438174e-11,5.840489203852392563e-01,9.813350952929739135e-01,5.138034439949898058e+00,4.823920394061261163e+00
9.650000000000000355e+00,1.148360184238235512e-11,5.826112693424757571e-01,9.885171317042159567e-01,5.290358005501133221e+00,4.946005091950418375e+00
9.699999999999999289e+00,6.658429701896938565e-12,5.800885344204697036e-01,9.933423038447014575e-01,5.445481430893366337e+00,5.071163705040625302e+00
9.750000000000000000e+00,3.612293035639800338e-12,5.768645580521903904e-01,9.963884405109585396e-01,5.597385274204526695e+00,5.189721540988060156e+00
9.800000000000000711e+00,1.818810230338266760e-12,5.732417832461236262e-01,9.981819233162601002e-01,5.740822399924347508e+00,5.291356818600029044e+00
9.849999999999999645e+00,8.422302624247398797e-13,5.695331374843672911e-01,9.991585032841736602e-01,5.880278539207452582e+00,5.389314493135316297e+00
9.900000000000000355e+00,3.550394621444526528e-13,5.659391185355315823e-01,9.996456940844539174e-01,6.012611183836483519e+00,5.488414726104458907e+00
9.949999999999999289e+00,1.346935112204410683e-13,5.625129673823504595e-01,9.998660400353778233e-01,6.136288562107068856e+00,5.586524856708265929e+00
1.000000000000000000e+01,4.539996306544890020e-14,5.592672005516251543e-01,9.999553335835328349e-01,6.267042383904268377e+00,5.702971591722331368e+00
1.005000000000000071e+01,1.340096539133046574e-14,5.562084759301714199e-01,9.999873325812069780e-01,6.396970082223539578e+00,5.826446925149610934e+00
1.009999999999999964e+01,3.408448401659425603e-15,5.533337987172672889e-01,9.999973250981966100e-01,6.517237353886457640e+00,5.942729168048678901e+00
1.015000000000000036e+01,7.335465983014587962e-16,5.506479480575610097e-01,1.000000000000000000e+00,6.626710231988546695e+00,6.051266595000861059e+00
