# log_age,instantaneous_sfr,integrated_stellar_mass,integrated_formed_mass,u,g,r,i,z
5.500000000000000000e+00,2.278412911918142101e-14,3.595580269690980904e-09,3.602582076622372519e-09,2.137502068965785895e+01,2.171799558039867151e+01,2.221705935658678044e+01,2.257458398866998550e+01,2.288778127184627920e+01
5.549999999999999822e+00,2.556396673533378612e-14,4.526535225694098101e-09,4.535352961082518457e-09,2.112499667201998932e+01,2.146797255503763324e+01,2.196703649589606755e+01,2.232456197015048360e+01,2.263775984204097114e+01
5.599999999999999645e+00,2.868293199237962227e-14,5.698497140943494404e-09,5.709629914960798664e-09,2.087483042305547087e+01,2.121781043740941186e+01,2.171687458798891868e+01,2.207440480814722861e+01,2.238760587518294898e+01
5.650000000000000355e+00,3.218238819025085367e-14,7.173789125069764029e-09,7.187939950034093366e-09,2.062449706600560262e+01,2.096747907793996291e+01,2.146654045462852878e+01,2.182407987968195329e+01,2.213728664602879803e+01
5.700000000000000178e+00,3.610874143514459549e-14,9.030843576430014244e-09,9.048998084815006979e-09,2.037394643827762053e+01,2.071692667130905363e+01,2.121598001634973230e+01,2.157353327488515049e+01,2.188674829263549526e+01
5.750000000000000000e+00,4.051405484706037887e-14,1.136839152176991507e-08,1.139189747148600311e-08,2.012305611763480329e+01,2.046603619014621245e+01,2.096507586213503060e+01,2.132264842856227460e+01,2.163587544994795309e+01
5.799999999999999822e+00,4.545673742522254320e-14,1.431064910037273474e-08,1.434138522571831203e-08,1.987177464488853218e+01,2.021475631527624017e+01,2.071377457128191679e+01,2.107137079635327126e+01,2.138461305805108736e+01
5.849999999999999645e+00,5.100231660681463789e-14,1.801398660482983554e-08,1.805450266600790658e-08,1.961995042133573008e+01,1.996294404716958582e+01,2.046193352700649370e+01,2.081955833516474286e+01,2.113282030150375590e+01
5.900000000000000355e+00,5.722430463774025051e-14,2.267517574450128560e-08,2.272894498759684716e-08,1.936746098857702236e+01,1.971048309602112880e+01,2.020943646138607619e+01,2.056709461634467573e+01,2.088038109334522119e+01
5.950000000000000178e+00,6.420517008462918446e-14,2.854173388816659697e-08,2.861358417490846258e-08,1.911427204639247179e+01,1.945733822591824946e+01,1.995624710333493823e+01,2.031394173786027579e+01,2.062725605640927284e+01
6.000000000000000000e+00,7.203742716927093721e-14,3.592513143794276604e-08,3.602171529077318421e-08,1.886025584681094358e+01,1.920338701363741052e+01,1.970224424614734460e+01,2.005997849149272128e+01,2.037332379580395525e+01
6.049999999999999822e+00,8.082485711571657303e-14,4.521710195733356733e-08,4.534773059406165745e-08,1.860533385497932812e+01,1.894855048560726374e+01,1.944735125378019092e+01,1.980512816795607733e+01,2.011850622104316244e+01
6.099999999999999645e+00,9.068387738359944368e-14,5.691059867779953313e-08,5.708810782421364052e-08,1.834927078409582890e+01,1.869260305659007315e+01,1.919135193718355481e+01,1.954917918596535742e+01,1.986259352833411640e+01
6.150000000000000355e+00,1.017450765374748516e-13,7.162575386102671203e-08,7.186782969346958678e-08,1.809177906777030387e+01,1.843526783560813698e+01,1.893398022959598848e+01,1.929187171100576847e+01,1.960532841884842981e+01
6.200000000000000178e+00,1.141549345915114398e-13,9.014239956020574605e-08,9.047363823241388014e-08,1.783252900446105826e+01,1.817622147127811871e+01,1.867491519993348703e+01,1.903288736485805543e+01,1.934639240909504565e+01
6.250000000000000000e+00,1.280777509936680119e-13,1.134408528459033318e-07,1.138958913741216328e-07,1.757109452749889300e+01,1.791503496273971052e+01,1.841370741787477527e+01,1.877176672651859235e+01,1.908531683288588710e+01
6.299999999999999822e+00,1.436978049971706715e-13,1.427528644164699710e-07,1.433812468171990945e-07,1.730667276863945148e+01,1.765088572339093531e+01,1.814947950806653409e+01,1.850760329020926775e+01,1.882116911500291678e+01
6.349999999999999645e+00,1.612217760348972142e-13,1.796253579882654938e-07,1.804989713518959547e-07,1.703764873848651007e+01,1.738210338957539136e+01,1.788046618704852619e+01,1.823860478041644484e+01,1.855211522000920610e+01
6.400000000000000355e+00,1.808814548907913630e-13,2.259993848715558755e-07,2.272243970662723420e-07,1.676265890279572801e+01,1.710723279234797900e+01,1.760505270955182766e+01,1.796317262465444742e+01,1.827651563037866111e+01
6.450000000000000178e+00,2.029367799795099534e-13,2.843087370082830894e-07,2.860439562765466119e-07,1.648135409594443956e+01,1.682580406093056524e+01,1.732258940673529679e+01,1.768070455833822052e+01,1.799373963469501803e+01
6.500000000000000000e+00,2.276792369297953427e-13,3.576050358134979860e-07,3.600873673911399311e-07,1.619209468865550861e+01,1.653576205307940938e+01,1.703086900319185304e+01,1.738902430593780224e+01,1.770154358422570340e+01
6.549999999999999822e+00,2.554356639474136417e-13,4.497119106675302163e-07,4.532939873383854420e-07,1.589784746990544306e+01,1.623864081626441447e+01,1.673105343890418339e+01,1.708862967392222743e+01,1.739965443233168685e+01
6.599999999999999645e+00,2.865725101382915068e-13,5.654108407662541233e-07,5.706221474640518340e-07,1.560447369958372832e+01,1.593768789964740762e+01,1.642525123485737026e+01,1.678051377187468063e+01,1.708736237817551995e+01
6.650000000000000355e+00,3.215005991283523068e-13,7.106531265453198492e-07,7.183125695835188066e-07,1.531382693356340496e+01,1.563473543233121177e+01,1.611614241431989569e+01,1.646771405624082263e+01,1.676912999026777840e+01
6.700000000000000178e+00,3.606804559470560006e-13,8.929556469866312878e-07,9.042198131184389656e-07,1.503088990608962661e+01,1.533639456021917624e+01,1.581077707305894364e+01,1.615756404135412794e+01,1.645263059883773593e+01
6.750000000000000000e+00,4.046282612651870840e-13,1.121753151424630949e-06,1.138229295272188352e-06,1.475857406200867672e+01,1.504871530773780819e+01,1.551532839163508726e+01,1.585617883305043563e+01,1.614391407873851847e+01
6.799999999999999822e+00,4.539225037045393570e-13,1.408745954718042322e-06,1.432781942252448640e-06,1.449555767543870388e+01,1.476789911739554384e+01,1.522346797645018057e+01,1.555509154701979213e+01,1.583143172917318964e+01
6.849999999999999645e+00,5.092114080672182769e-13,1.768501407534644452e-06,1.803534195253673901e-06,1.424108938445459671e+01,1.449137602169716388e+01,1.493152569562954568e+01,1.524959590636993312e+01,1.550923376180301716e+01
6.900000000000000355e+00,5.712212249487692916e-13,2.219236875554471055e-06,2.270188216310434943e-06,1.399604624758141824e+01,1.421972241371101120e+01,1.463971269989971091e+01,1.493964751311003170e+01,1.517733745763412401e+01
6.950000000000000178e+00,6.407654752641950638e-13,2.783695797992717134e-06,2.857536078748740667e-06,1.376181676282615030e+01,1.395913459411216451e+01,1.435369790302810600e+01,1.462974680982402731e+01,1.484020640392706980e+01
7.000000000000000000e+00,7.187552516619592742e-13,3.490278331246130117e-06,3.596772944598398838e-06,1.353817560525039454e+01,1.371337927650619548e+01,1.408196662326268722e+01,1.433068575506981546e+01,1.450938310661611297e+01
7.049999999999999822e+00,8.062106875223025219e-13,4.374478030293018694e-06,4.527148310855107230e-06,1.332345330190580057e+01,1.348004358124657642e+01,1.382438806109426110e+01,1.404572228404524736e+01,1.419234855160750186e+01
7.099999999999999645e+00,9.042737130759974710e-13,5.480628890914611001e-06,5.698042056500261472e-06,1.311614928184935280e+01,1.325616141178917928e+01,1.357858023552478954e+01,1.377410072701107424e+01,1.389052906670025322e+01
7.150000000000000355e+00,1.014222226914868558e-12,6.864076820273500418e-06,7.171574150527607202e-06,1.291522041938650034e+01,1.303992142538603360e+01,1.334305477030244447e+01,1.351504819677364821e+01,1.360395489121797397e+01
7.200000000000000178e+00,1.137485819487336643e-12,8.593971617050601817e-06,9.025884607870012121e-06,1.271989839634713348e+01,1.283050934312989000e+01,1.311675927221912019e+01,1.326770271011609736e+01,1.333217162092084607e+01
7.250000000000000000e+00,1.275663192662147700e-12,1.075672941168252976e-05,1.135925498455083738e-05,1.252956834316412937e+01,1.262725499337422264e+01,1.289846208511630721e+01,1.303027923082863282e+01,1.307277707559696722e+01
7.299999999999999822e+00,1.430541425541810264e-12,1.346023615844372877e-05,1.429528613639824933e-05,1.234371225651713644e+01,1.242959860623778923e+01,1.268729044649100501e+01,1.280149885807984589e+01,1.282402950611925974e+01
7.349999999999999645e+00,1.604117240676619177e-12,1.683925384615745193e-05,1.798940126251077082e-05,1.216175711300680007e+01,1.223679692719359480e+01,1.248241846472338068e+01,1.258067197395585168e+01,1.258547549770535312e+01
7.400000000000000355e+00,1.798620425707189247e-12,2.106218284751062010e-05,2.263701107403074772e-05,1.198318176279629199e+01,1.204800033867454800e+01,1.228271922332739052e+01,1.236653956516072128e+01,1.235570687810856327e+01
7.450000000000000178e+00,2.016539562002209693e-12,2.633922973778146491e-05,2.848376256868079308e-05,1.180757814255137816e+01,1.186251793261932619e+01,1.208724716690489487e+01,1.215797219759410552e+01,1.213335091302344892e+01
7.500000000000000000e+00,2.260650202458828076e-12,3.293268364866463858e-05,3.583839838341584697e-05,1.163464189659377013e+01,1.167985867317106852e+01,1.189538044740304201e+01,1.195426456623039257e+01,1.191755207007655315e+01
7.549999999999999822e+00,2.534045623255680450e-12,4.116994501096456714e-05,4.508888503116821058e-05,1.146408952951469473e+01,1.149964207478711842e+01,1.170678975639825836e+01,1.175520893948482382e+01,1.170815887994431392e+01
7.599999999999999645e+00,2.840170246409976917e-12,5.146020341140145684e-05,5.672263157546584563e-05,1.129557540736675492e+01,1.132129563098201430e+01,1.152078371032369830e+01,1.156007723152276156e+01,1.150436560773828631e+01
7.650000000000000355e+00,3.182855788237992551e-12,6.431415626098508926e-05,7.135182289776945878e-05,1.112879171859954397e+01,1.114430027369827769e+01,1.133671384158360240e+01,1.136812820237404509e+01,1.130529770218468855e+01
7.700000000000000178e+00,3.566360129185196478e-12,8.036871449370259276e-05,8.974514266397423711e-05,1.096349223556638464e+01,1.096825978151139935e+01,1.115411576801048454e+01,1.117883289766814414e+01,1.111030972651424520e+01
7.750000000000000000e+00,3.995408817921966520e-12,1.004178370792592722e-04,1.128674712655832000e-04,1.079948869151261448e+01,1.079289177788260901e+01,1.097266874071166853e+01,1.099182167552778822e+01,1.091893338964092663e+01
7.799999999999999822e+00,4.475239010848772669e-12,1.254509971842201663e-04,1.419295264312696455e-04,1.063667628643162288e+01,1.061809460708185782e+01,1.079217963268236957e+01,1.080679333387369923e+01,1.073074056373498308e+01
7.849999999999999645e+00,5.011645499565328487e-12,1.567006560291710237e-04,1.784498843551623819e-04,1.047502818877299546e+01,1.044393985998398477e+01,1.061255808864762429e+01,1.062345266786145004e+01,1.054523950501376817e+01
7.900000000000000355e+00,5.611028284115375644e-12,1.957009975847235001e-04,2.243323952795933109e-04,1.031454537929841564e+01,1.027051987341472739e+01,1.043379741214771173e+01,1.044161822267071216e+01,1.036206081271102875e+01
7.950000000000000178e+00,6.280440897687333021e-12,2.443609473155509255e-04,2.819627107020121286e-04,1.015524402809303695e+01,1.009793810630924327e+01,1.025598508417236587e+01,1.026125908737945736e+01,1.018102378064243396e+01
8.000000000000000000e+00,7.027638365516883998e-12,3.050554952551300233e-04,3.543284939581306916e-04,9.997111088469253559e+00,9.926171550958400758e+00,1.007906425239524140e+01,1.008222467596213789e+01,1.000186190455912083e+01
8.050000000000000711e+00,7.861123271173939693e-12,3.807365854594476945e-04,4.451689190264346697e-04,9.840150159003528074e+00,9.755188415167083349e+00,9.902978044696766347e+00,9.904384492493491621e+00,9.824343407937782047e+00
8.099999999999999645e+00,8.790187888823755675e-12,4.750696118983600532e-04,5.591603035701354528e-04,9.684387154530092801e+00,9.584988438536356625e+00,9.727730195289773008e+00,9.727686237172235906e+00,9.648313296042857701e+00
8.150000000000000355e+00,9.824949699421179440e-12,5.925989339819015371e-04,7.021462024148391852e-04,9.529866034526321528e+00,9.415606166441023106e+00,9.553387530065926114e+00,9.552152958882203393e+00,9.473671537263115283e+00
8.199999999999999289e+00,1.097637681870177604e-11,7.389415938041495263e-04,8.814220371942685850e-04,9.376633392164492875e+00,9.247071810520068880e+00,9.379993837132957424e+00,9.377794800884345250e+00,9.300352957491739403e+00
8.250000000000000000e+00,1.225629889998466723e-11,9.210408134672035682e-04,1.106086383365379421e-03,9.224749801949286621e+00,9.079440887764413048e+00,9.207622744589173180e+00,9.204662629965334020e+00,9.128362158631851742e+00
8.300000000000000711e+00,1.367739790912802233e-11,1.147485947541509836e-03,1.387473394966977488e-03,9.074284729708658404e+00,8.912757227445766262e+00,9.036302933787020208e+00,9.032752778884564293e+00,8.957657931740172330e+00
8.349999999999999645e+00,1.525317177755047766e-11,1.428918998467693666e-03,1.739683521814161006e-03,8.925315755715374166e+00,8.747070676364195663e+00,8.866064707682944857e+00,8.862063388777031037e+00,8.788205626695365424e+00
8.400000000000000355e+00,1.699786230129529996e-11,1.778477800716489737e-03,2.180232637286174616e-03,8.777936240080016717e+00,8.582446697062977137e+00,8.696932629473174359e+00,8.692571845330263614e+00,8.619940798942110405e+00
8.449999999999999289e+00,1.892633675779111690e-11,2.212339473819469569e-03,2.730842878302411087e-03,8.632247498847078759e+00,8.418968986129037546e+00,8.528916085647679779e+00,8.524210209219688750e+00,8.452742564406733550e+00
8.500000000000000000e+00,2.105391056112571315e-11,2.750356399842956729e-03,3.418401768129133815e-03,8.488348272150496143e+00,8.256737103820555035e+00,8.362035394766586194e+00,8.356924353049159038e+00,8.286532503251301307e+00
8.550000000000000711e+00,2.339609590073852335e-11,3.416810646336877842e-03,4.276119317891363507e-03,8.346344973951914881e+00,8.095887344980695843e+00,8.196366416472336880e+00,8.190738971966787574e+00,8.121293501847688390e+00
8.599999999999999645e+00,2.596825877611524864e-11,4.241512152250403490e-03,5.344915419809806272e-03,8.206347821105069329e+00,7.936588408936330552e+00,8.032008157283115679e+00,8.025707956037400947e+00,7.957060399567666309e+00
8.650000000000000355e+00,2.878516427754347309e-11,5.260778065517221665e-03,6.675071403772959815e-03,8.068478744901128152e+00,7.779039370495240746e+00,7.869094246816416671e+00,7.861924556057871882e+00,7.793911869812006898e+00
8.699999999999999289e+00,3.186038757811055648e-11,6.518710559612140090e-03,8.328179327777672850e-03,7.932882336058447947e+00,7.623457193779159979e+00,7.707778291972765317e+00,7.699501747295883547e+00,7.631925932804172419e+00
8.750000000000000000e+00,3.520556621479718844e-11,8.068664228388455414e-03,1.037941928296586512e-02,7.799735528067103019e+00,7.470083329644424452e+00,7.548223155297108633e+00,7.538551630647241097e+00,7.471183659572680824e+00
8.800000000000000711e+00,3.882946831565280009e-11,9.974856784037438098e-03,1.292018717031549919e-02,7.669243161081517712e+00,7.319200303305038346e+00,7.390642174057909131e+00,7.379253724383850965e+00,7.311865098533914420e+00
8.849999999999999645e+00,4.273685213605242910e-11,1.231433479901005226e-02,1.606108099587337523e-02,7.541622448851150295e+00,7.171120195731219837e+00,7.235289879168647076e+00,7.221841283910613640e+00,7.154212748551245227e+00
8.900000000000000355e+00,4.692709549664072267e-11,1.517895983613702302e-02,1.993523009356303055e-02,7.417103630583468998e+00,7.026170916344440798e+00,7.082419630590997883e+00,7.066544937511963553e+00,6.998471432163377415e+00
8.949999999999999289e+00,5.139258064261016701e-11,1.867740884070435634e-02,2.470191554491766445e-02,7.295943400370674681e+00,6.884692121841766266e+00,6.932275344928179095e+00,6.913576883223804259e+00,6.844859430728192251e+00
9.000000000000000000e+00,5.611683214440872206e-11,2.293703929610094172e-02,3.055037755055281870e-02,7.178433957975414614e+00,6.747039969702001372e+00,6.785150065215589166e+00,6.763189690454048275e+00,6.693540855885508734e+00
9.050000000000000711e+00,6.107242450209341578e-11,2.810640988781316213e-02,3.770363232486528132e-02,7.064908722362162052e+00,6.613594076975182645e+00,6.641362334423156710e+00,6.615669602550724449e+00,6.544749466545361827e+00
9.099999999999999645e+00,6.621870408613498285e-11,3.435684123400997020e-02,4.642202293467997259e-02,6.955746697848233850e+00,6.484723017494147257e+00,6.501164242701158003e+00,6.471192402000028210e+00,6.398584776213169789e+00
9.150000000000000355e+00,7.149940897231701786e-11,4.188265919490332528e-02,5.700610186291196757e-02,6.851373856440119425e+00,6.360698660804729343e+00,6.364508260077897717e+00,6.329467776399177126e+00,6.254520481028677636e+00
9.199999999999999289e+00,7.684032183226714087e-11,5.089948591741698392e-02,6.979828651300619413e-02,6.752304212905421821e+00,6.241914262172386429e+00,6.231627246544469756e+00,6.190547931261946246e+00,6.112359531098846332e+00
9.250000000000000000e+00,8.214715618105313256e-11,6.163701765600924920e-02,8.518254503496272556e-02,6.659235905319974336e+00,6.129320663280530823e+00,6.103961453104034263e+00,6.056042804837076687e+00,5.973638556866269766e+00
9.300000000000000711e+00,8.730395408650183709e-11,7.434731607365052675e-02,1.035811683593408639e-01,6.572872567150398027e+00,6.023697655613027280e+00,5.982554012103115326e+00,5.927156690253397642e+00,5.839701475408006104e+00
9.349999999999999645e+00,9.217236010308660397e-11,8.929559582268682683e-02,1.254474855003187006e-01,6.493959610174769637e+00,5.925753007917705872e+00,5.868214053541514375e+00,5.804815780621638055e+00,5.711632273638912238e+00
9.400000000000000355e+00,9.659222341920528247e-11,1.067490997854477902e-01,1.512532185556494102e-01,6.423315910439320930e+00,5.836200814847884999e+00,5.761651639937134917e+00,5.689779778775204022e+00,5.590260291556468530e+00
9.449999999999999289e+00,1.003840534819871314e-10,1.269631409241896991e-01,1.814691066556039789e-01,6.361857890662264481e+00,5.755827670589070522e+00,5.663615345353107955e+00,5.582829043694268023e+00,5.476429894166884083e+00
9.500000000000000000e+00,1.033538913121760900e-10,1.501615080821940840e-01,2.165375326492786079e-01,6.310623291588044026e+00,5.685535372997044590e+00,5.574949360622959205e+00,5.484785783498168144e+00,5.370927622285435632e+00
9.550000000000000711e+00,1.053011282611950926e-10,1.765115104754210185e-01,2.568362633391616523e-01,6.270759934706333638e+00,5.626299267481584820e+00,5.496537241207605007e+00,5.396508264464017657e+00,5.274580246794805305e+00
9.599999999999999645e+00,1.060296673023357833e-10,2.060970921396586553e-01,3.026331790146439826e-01,6.243521842574502045e+00,5.579183881859826499e+00,5.429351893473793211e+00,5.318970870617903302e+00,5.188389402663055705e+00
9.650000000000000355e+00,1.053625369291475306e-10,2.388853409706656050e-01,3.540331309037854646e-01,6.230278521614209808e+00,5.545356971027970872e+00,5.374484260047658779e+00,5.253302448525772661e+00,5.113584448749676881e+00
9.699999999999999289e+00,1.031595982715456071e-10,2.746921044720498362e-01,4.109198931788742293e-01,6.232477336172244975e+00,5.525999196099533606e+00,5.332986140002788034e+00,5.200546246590405985e+00,5.051243871592035362e+00
9.750000000000000000e+00,9.933731813846569740e-11,3.131531357491307843e-01,4.728985358942732198e-01,6.251796151170580629e+00,5.522466045506568832e+00,5.306000478200466830e+00,5.161784307532990113e+00,5.002403453317867843e+00
9.800000000000000711e+00,9.388874513804361416e-11,3.536995737160371633e-01,5.392462270577502714e-01,6.290131177355952730e+00,5.536340106746770573e+00,5.294957649873239802e+00,5.138443413916363056e+00,4.968500831657138406e+00
9.849999999999999645e+00,8.690092475684824522e-11,3.955517831226619818e-01,6.088820112009577512e-01,6.349579899207164146e+00,5.569491632912033197e+00,5.301770975081879556e+00,5.132596040942559057e+00,4.951831226802966057e+00
9.900000000000000355e+00,7.856621737353931993e-11,4.377375361017428190e-01,6.803677388484211663e-01,6.432365584815869397e+00,5.623608765515015762e+00,5.327826542997030401e+00,5.145551625001210994e+00,4.953678440367056623e+00
9.949999999999999289e+00,6.918363171684935878e-11,4.791261796666810291e-01,7.519519951362324539e-01,6.540877976626937595e+00,5.700318214975951037e+00,5.374288632366749141e+00,5.178324788898784448e+00,4.974953125730671388e+00
1.000000000000000000e+01,5.914670592888981176e-11,5.184972000472026776e-01,8.216654672369442247e-01,6.677643102139498410e+00,5.801104243012964901e+00,5.442035294124401901e+00,5.231593357169998626e+00,5.016158589922504518e+00
1.005000000000000071e+01,4.891597438331636173e-11,5.546388700314672793e-01,8.874688700112906004e-01,6.845246721119650601e+00,5.927207407307562903e+00,5.531650776774824863e+00,5.305772736061811656e+00,5.077566754117661674e+00
1.009999999999999964e+01,3.897677198467987358e-11,5.864693973685527473e-01,9.474433717226610208e-01,7.046193430214088949e+00,6.079350375602146528e+00,5.643139719857131809e+00,5.400693603061668568e+00,5.158835630545596018e+00
1.015000000000000036e+01,2.978678387875217551e-11,6.131618663525183477e-01,1.000000000000000000e+00,7.282707538253539781e+00,6.257432096981233371e+00,5.775669744413562512e+00,5.515376588933250446e+00,5.258829472479497724e+00
