# log_age,instantaneous_sfr,integrated_stellar_mass,integrated_formed_mass,u,g,r,i,z
5.500000000000000000e+00,2.125951365414697194e-10,6.705886004691798152e-05,6.723061109070145667e-05,1.049048135307752005e+01,1.083503367922601512e+01,1.133935579130985616e+01,1.170223028584705105e+01,1.201742597691948333e+01
5.549999999999999822e+00,2.125934959246328745e-10,7.523883326919913810e-05,7.543369527491772502e-05,1.036541698714805193e+01,1.070994945712320856e+01,1.121425771204302890e+01,1.157712287193790246e+01,1.189231000987746256e+01
5.599999999999999645e+00,2.125916551373378489e-10,8.441188878036731181e-05,8.463763175005015052e-05,1.024020030836641126e+01,1.058467606415808859e+01,1.108894461396498343e+01,1.145178255964651015e+01,1.176694455919562188e+01
5.650000000000000355e+00,2.125895897589970983e-10,9.469918500522463665e-05,9.496452345370001648e-05,1.011456000227042296e+01,1.045896342143829827e+01,1.096317225212565916e+01,1.132596847859298350e+01,1.164109307736612209e+01
5.700000000000000178e+00,2.125872723902712721e-10,1.062357426190895421e-04,1.065513670828823373e-04,9.988405029961285209e+00,1.033272700183869119e+01,1.083685863325501231e+01,1.119959946321411337e+01,1.151467497910305582e+01
5.750000000000000000e+00,2.125846722898678033e-10,1.191714687002082442e-04,1.195518691003270595e-04,9.861897430743610471e+00,1.020611630286033034e+01,1.071015406530018055e+01,1.107282450229106274e+01,1.138783561220736118e+01
5.799999999999999822e+00,2.125817549670904540e-10,1.336770005010673554e-04,1.341384829870180377e-04,9.734686000073907053e+00,1.007880813373554929e+01,1.058274551705369504e+01,1.094533619950485104e+01,1.126027278638118645e+01
5.849999999999999645e+00,2.125784817247572994e-10,1.499440506922647572e-04,1.505046946528156915e-04,9.606371529631871908e+00,9.950431748495105921e+00,1.045427349886516311e+01,1.081678100663440745e+01,1.113163826725600813e+01
5.900000000000000355e+00,2.125748091464538264e-10,1.681834584192038276e-04,1.688675861701536835e-04,9.477138037730455267e+00,9.821154619335203506e+00,1.032491454329019120e+01,1.068733679843406037e+01,1.100210495704722291e+01
5.950000000000000178e+00,2.125706885213563324e-10,1.886330570141170955e-04,1.894707116576513340e-04,9.346741907933221682e+00,9.690751283044370723e+00,1.019446353259503724e+01,1.055680704389234137e+01,1.087147720647116245e+01
6.000000000000000000e+00,2.125660651990433003e-10,2.115587126713760785e-04,2.125873232227291291e-04,9.214974711611937153e+00,9.559026221452619154e+00,1.006274251403610265e+01,1.042502223318825827e+01,1.073958833978072391e+01
6.049999999999999822e+00,2.125608778657960882e-10,2.372541045224772912e-04,2.385239894588641869e-04,9.082080679727056349e+00,9.426199723679054898e+00,9.929970897915353589e+00,1.029220213657095684e+01,1.060665713746570304e+01
6.099999999999999645e+00,2.125550577328640028e-10,2.660497579518403158e-04,2.676246541192679176e-04,8.947818627065174724e+00,9.292033831983722791e+00,9.795900932739243672e+00,1.015809803426245139e+01,1.047243927775591033e+01
6.150000000000000355e+00,2.125485276260225288e-10,2.983086278132151018e-04,3.002751883266174511e-04,8.809732222104742050e+00,9.153988045061730361e+00,9.657790877393622964e+00,1.001988739966522957e+01,1.033405857882146250e+01
6.200000000000000178e+00,2.125412009644671761e-10,3.344188240689002041e-04,3.369084961033257586e-04,8.665274712196953999e+00,9.009158660152181142e+00,9.512566681543553671e+00,9.874474118399419353e+00,1.018833946365968046e+01
6.250000000000000000e+00,2.125329806156516112e-10,3.748243509535416199e-04,3.780102401811241968e-04,8.515389067615494412e+00,8.858362693069061322e+00,9.360133824943844161e+00,9.722125237451407997e+00,1.003538527842372474e+01
6.299999999999999822e+00,2.125237576110710412e-10,4.200898239270079554e-04,4.241252630841054676e-04,8.359974004217079369e+00,8.702081269801624330e+00,9.201242473580279579e+00,9.563597232250941715e+00,9.876126889321078295e+00
6.349999999999999645e+00,2.125134097061989549e-10,4.707504598204115959e-04,4.758647874445214227e-04,8.195354726284683977e+00,8.536310247012977470e+00,9.032246969467834674e+00,9.395406088547076706e+00,9.707209889721823970e+00
6.400000000000000355e+00,2.125017997657818659e-10,5.273436781995059905e-04,5.339144895299463350e-04,8.033469413720283114e+00,8.372317197732826344e+00,8.865014818037543876e+00,9.229054921108655662e+00,9.540013296422188205e+00
6.450000000000000178e+00,2.124887739534585643e-10,5.905821635846140397e-04,5.990435511464893992e-04,7.884094503172008217e+00,8.220200748594848505e+00,8.710371191521701917e+00,9.074805670481744357e+00,9.384861089787641220e+00
6.500000000000000000e+00,2.124741597021779517e-10,6.611742749494344722e-04,6.721148075494676405e-04,7.739106431965460331e+00,8.069300106991107668e+00,8.556678117893468993e+00,8.920410521948411997e+00,9.228824013735625442e+00
6.549999999999999822e+00,2.124577634391069833e-10,7.401293141073216021e-04,7.540961229042597927e-04,7.594271632228576152e+00,7.911194976045621274e+00,8.393772692558542303e+00,8.754261429493823243e+00,9.059173915218480033e+00
6.599999999999999645e+00,2.124393680356249522e-10,8.284751712619609510e-04,8.460731403144450963e-04,7.437717094942911444e+00,7.732090076419979141e+00,8.206682391417267297e+00,8.560340167290355851e+00,8.858508720329162145e+00
6.650000000000000355e+00,2.124187299495543438e-10,9.271792461997469849e-04,9.492635706674738827e-04,7.286096545184591378e+00,7.551925397167039478e+00,8.016161714706683483e+00,8.360675091129891712e+00,8.648792763603765366e+00
6.700000000000000178e+00,2.123955760229505559e-10,1.037594368101681271e-03,1.065033203686478660e-03,7.163001637370612684e+00,7.408643927006593799e+00,7.863415678393266717e+00,8.199186115607801639e+00,8.477965162665412890e+00
6.750000000000000000e+00,2.123695998945220781e-10,1.160717613273786917e-03,1.194913845828840700e-03,7.054106609278022688e+00,7.279827143055022987e+00,7.718284436271623861e+00,8.039273083912370055e+00,8.301161677070467704e+00
6.799999999999999822e+00,2.123404579810440251e-10,1.297474786606738579e-03,1.340623413219067459e-03,6.949877801799914323e+00,7.142570022418233577e+00,7.552863458041741751e+00,7.849157768859356565e+00,8.082140120297779617e+00
6.849999999999999645e+00,2.123077649769151054e-10,1.449410623824293805e-03,1.504088433863733131e-03,6.856560259173321015e+00,7.004714907971745674e+00,7.381805511880557447e+00,7.649354596662050199e+00,7.848395024960140631e+00
6.900000000000000355e+00,2.122710888152531484e-10,1.618292907752971656e-03,1.687469242173534733e-03,6.781200801196362704e+00,6.888187908689118899e+00,7.220914109030573513e+00,7.451030169878457343e+00,7.612368625727945926e+00
6.950000000000000178e+00,2.122299450275818342e-10,1.805948896426084766e-03,1.893188180530116105e-03,6.722106199011840033e+00,6.810359171831379399e+00,7.100415156184013199e+00,7.287255564617822756e+00,7.403300154380964671e+00
7.000000000000000000e+00,2.121837904321893732e-10,2.014535663622865885e-03,2.123961157492367836e-03,6.669925835108294621e+00,6.751197132001323098e+00,7.013867101693286088e+00,7.164365885295403302e+00,7.237588309713480328e+00
7.049999999999999822e+00,2.121320160736006140e-10,2.246501226069078962e-03,2.382832950436328690e-03,6.619798354326931644e+00,6.691743740496505666e+00,6.934248605983860614e+00,7.057893401910206421e+00,7.099863756630668377e+00
7.099999999999999645e+00,2.120739393272594594e-10,2.504435448366549351e-03,2.673216682141987387e-03,6.572009159186627869e+00,6.632082586296220938e+00,6.860066911177284510e+00,6.962921425543619591e+00,6.979767652369723407e+00
7.150000000000000355e+00,2.120087950744446095e-10,2.791275331279277194e-03,2.998937946216239173e-03,6.526884862580267566e+00,6.575442606591522576e+00,6.793158917083324866e+00,6.880124562375719677e+00,6.877171861601787839e+00
7.200000000000000178e+00,2.119357258426179754e-10,3.110431313619608455e-03,3.364284105349388872e-03,6.484390646034171368e+00,6.523238760343517129e+00,6.731712800342720016e+00,6.805021270699583624e+00,6.785594568514547120e+00
7.250000000000000000e+00,2.118537707958354974e-10,3.465565170034486803e-03,3.774059339261702679e-03,6.444452177818341454e+00,6.474829356609866693e+00,6.674220024518184857e+00,6.733876693818686476e+00,6.698633907894027573e+00
7.299999999999999822e+00,2.117618534485557778e-10,3.860713196051607666e-03,4.233646075660338869e-03,6.406333669978359069e+00,6.429290952704079132e+00,6.621131406967307953e+00,6.668990704015911319e+00,6.620633521573523694e+00
7.349999999999999645e+00,2.116587679642156066e-10,4.300553288788162148e-03,4.749073497361273183e-03,6.369077171798707582e+00,6.384393248327491222e+00,6.569936477209417092e+00,6.608517565905017932e+00,6.550467776590622293e+00
7.400000000000000355e+00,2.115431638874034946e-10,4.790198302089958803e-03,5.327093881421851064e-03,6.332549557393392092e+00,6.339191100041638549e+00,6.518525114076801685e+00,6.548969872061192632e+00,6.482979156479295568e+00
7.450000000000000178e+00,2.114135291455003056e-10,5.335140777859802112e-03,5.975267590937759915e-03,6.296788986084962403e+00,6.293789683946826585e+00,6.467077430417347728e+00,6.490411066709384613e+00,6.417940746030211585e+00
7.500000000000000000e+00,2.112681711424972880e-10,5.941499984464000163e-03,6.702057605952846039e-03,6.261869261608900672e+00,6.248412619466215290e+00,6.416061457106508215e+00,6.433384690450836274e+00,6.355831575255940891e+00
7.549999999999999822e+00,2.111051957546667098e-10,6.616241951947310178e-03,7.516934545105783717e-03,6.227907431160303986e+00,6.203248944065222759e+00,6.365224590813312489e+00,6.377352100143760083e+00,6.295920453942926542e+00
7.599999999999999645e+00,2.109224840252887656e-10,7.366967975419137261e-03,8.430493191995416802e-03,6.195137113230792636e+00,6.158669653157438972e+00,6.314444361501465153e+00,6.321755825578961208e+00,6.237247290689523993e+00
7.650000000000000355e+00,2.107176663443311009e-10,8.201890050748108715e-03,9.454581596783849864e-03,6.163875530601202968e+00,6.115390882291251273e+00,6.264926058145519505e+00,6.267827598368690190e+00,6.180691816046504528e+00
7.700000000000000178e+00,2.104880938896282180e-10,9.130197745395987607e-03,1.060244387029818033e-02,6.134115643734126877e+00,6.073975441184735757e+00,6.218421916364412994e+00,6.217677451719914927e+00,6.128425080967431882e+00
7.750000000000000000e+00,2.102308070997675861e-10,1.016254509975277574e-02,1.188887781960139625e-02,6.105309687964037835e+00,6.033587318604311633e+00,6.174287027302504782e+00,6.170981576304065186e+00,6.080571797830508274e+00
7.799999999999999822e+00,2.099425009469138653e-10,1.131099067071805742e-02,1.333040858387005839e-02,6.077113678795413421e+00,5.993060463814103400e+00,6.130242762777882604e+00,6.125107285938369728e+00,6.034338177910250067e+00
7.849999999999999645e+00,2.096194867819506056e-10,1.258844086732991384e-02,1.494547940868625954e-02,6.049593315503614122e+00,5.952406737930466818e+00,6.086109315997333624e+00,6.079614400174591538e+00,5.988965147634438324e+00
7.900000000000000355e+00,2.092576505368198582e-10,1.400927300757296920e-02,1.675466063433996358e-02,6.022751347141188205e+00,5.911620832425498406e+00,6.041975094190853213e+00,6.034655484500135003e+00,5.944636417315578569e+00
7.950000000000000178e+00,2.088524070926338967e-10,1.558945997435347633e-02,1.878087785526981121e-02,5.996634414530738866e+00,5.870615227741019737e+00,5.997564264762104358e+00,5.989806487898974297e+00,5.900842262625680235e+00
8.000000000000000000e+00,2.083986506605764415e-10,1.734626133397413131e-02,2.104966001555707428e-02,5.971353320116016050e+00,5.829483753807409130e+00,5.952901856954575521e+00,5.944983572368350622e+00,5.857379471378344249e+00
8.050000000000000711e+00,2.078907010802455696e-10,1.929873947419039407e-02,2.358940791721137950e-02,5.947015830241625167e+00,5.788420486033871271e+00,5.908329236723616873e+00,5.900564777315373988e+00,5.814592887375553687e+00
8.099999999999999645e+00,2.073222460224151005e-10,2.146815940366405412e-02,2.643168320636374649e-02,5.923683021857769404e+00,5.747550799160130452e+00,5.863979851746428551e+00,5.856589802915792120e+00,5.772323336518127235e+00
8.150000000000000355e+00,2.066862791969570449e-10,2.387587446330502461e-02,2.961151733365406311e-02,5.901406293804065228e+00,5.706956359454792960e+00,5.819834212839722909e+00,5.812904365864270062e+00,5.730262526049841654e+00
8.199999999999999289e+00,2.059750348200898508e-10,2.654485361062354498e-02,3.316773921798999575e-02,5.880261932148684423e+00,5.666731836810029677e+00,5.776000624889590540e+00,5.769629920641314413e+00,5.688637517594365534e+00
8.250000000000000000e+00,2.051799187981012854e-10,2.950280345589554459e-02,3.714331932793282776e-02,5.860351112513392025e+00,5.626945382667422280e+00,5.732430405566219633e+00,5.726632270653226442e+00,5.647309890420160627e+00
8.300000000000000711e+00,2.042914373490470272e-10,3.278371792110849198e-02,4.158572657320407789e-02,5.841761514285344958e+00,5.587693223833198886e+00,5.689165768636613052e+00,5.683869121889586040e+00,5.606169370284931119e+00
8.349999999999999645e+00,2.032991241235355956e-10,3.642455927533222448e-02,4.654729270076125858e-02,5.824570019691513778e+00,5.549100075978273594e+00,5.646280533128717138e+00,5.641368357614453544e+00,5.565255597417881006e+00
8.400000000000000355e+00,2.021914673166624474e-10,4.046201975131732964e-02,5.208557673512704406e-02,5.808850941935212120e+00,5.511371203231931304e+00,5.603849741357628034e+00,5.599099203913105782e+00,5.524456986429299832e+00
8.449999999999999289e+00,2.009558388037140525e-10,4.493567456295526064e-02,5.826371929986898235e-02,5.794618357378411133e+00,5.474750577898227277e+00,5.562078855853037851e+00,5.557205870342940557e+00,5.483794955907498547e+00
8.500000000000000000e+00,1.995784280026267325e-10,4.988320881074945895e-02,6.515077330530556765e-02,5.781856404107344360e+00,5.439484633079160858e+00,5.521099345068805064e+00,5.515773650492448610e+00,5.443414593413301361e+00
8.550000000000000711e+00,1.980441839879457880e-10,5.535407497558594847e-02,7.282199337871025913e-02,5.770621605717991542e+00,5.405837912345006657e+00,5.481002700647266579e+00,5.474828232953072416e+00,5.403390267794669910e+00
8.599999999999999645e+00,1.963367703760789068e-10,6.140312456207376590e-02,8.135906143804476354e-02,5.761026986682963980e+00,5.373984919989347020e+00,5.441888739475587045e+00,5.434425146536334239e+00,5.363767458451697223e+00
8.650000000000000355e+00,1.944385386904058835e-10,6.807860110999941483e-02,9.085021986640977321e-02,5.753216169938546898e+00,5.344048547812107586e+00,5.403835999888606523e+00,5.394632008350669139e+00,5.324580418616015720e+00
8.699999999999999289e+00,1.923305273134629077e-10,7.543557084430238535e-02,1.013902767511248443e-01,5.747335894226701214e+00,5.316224543369308719e+00,5.366930142777064816e+00,5.355503947327420633e+00,5.285711135041438524e+00
8.750000000000000000e+00,1.899924947496905007e-10,8.352884132161565722e-02,1.130804395699868542e-01,5.743476266943048358e+00,5.290828376171866410e+00,5.331372703755448583e+00,5.317156517511179459e+00,5.247107371389098773e+00
8.800000000000000711e+00,1.874029977494450852e-10,9.241807142051623736e-02,1.260279245712139506e-01,5.741677391095976191e+00,5.268177996100412486e+00,5.297443573607630185e+00,5.279820320009008583e+00,5.208937899667084537e+00
8.849999999999999645e+00,1.845395268536476403e-10,1.021676289098244761e-01,1.403452790502010550e-01,5.741998285788532996e+00,5.248487408624022521e+00,5.265291320684042375e+00,5.243563144293169387e+00,5.171228483426638434e+00
8.900000000000000355e+00,1.813787140451463213e-10,1.128391898186542619e-01,1.561493430927076431e-01,5.744591249358848017e+00,5.231935648678593509e+00,5.235065797184056180e+00,5.208508022643023594e+00,5.134004526306696903e+00
8.949999999999999289e+00,1.778966293254797642e-10,1.244852934870785410e-01,1.735597666910405068e-01,5.749707499194983029e+00,5.218722607492459531e+00,5.207074398535468163e+00,5.175103860689844737e+00,5.097640416790468976e+00
9.000000000000000000e+00,1.740691849950835108e-10,1.371623974454655170e-01,1.926969883430217356e-01,5.757632857463178766e+00,5.208930643494255719e+00,5.181532328220860961e+00,5.143648605565985577e+00,5.062447906346548621e+00
9.050000000000000711e+00,1.698726679328070778e-10,1.509367504844032759e-01,2.136795736544038204e-01,5.768691550507277555e+00,5.202555461623759925e+00,5.158559682261874002e+00,5.114281229801079576e+00,5.028679785764353483e+00
9.099999999999999645e+00,1.652844208645652106e-10,1.658512769994008040e-01,2.366208089956132465e-01,5.783241624893527444e+00,5.199510820097486885e+00,5.137714297142608189e+00,5.086446572011688261e+00,4.996221042627162490e+00
9.150000000000000355e+00,1.602836929592090297e-10,1.819382864011011569e-01,2.616244485223941929e-01,5.801570417742134111e+00,5.199332278083915071e+00,5.117382281423857648e+00,5.057515378423872221e+00,4.961460430683750644e+00
9.199999999999999289e+00,1.548526774089913901e-10,1.991610159083214704e-01,2.887795262734824120e-01,5.824175287753206476e+00,5.202468237365835080e+00,5.097847917900679704e+00,5.026409699229880346e+00,4.920050718845679683e+00
9.250000000000000000e+00,1.489777480867414721e-10,2.174597979271565840e-01,3.181541728847319672e-01,5.851911926711288459e+00,5.211852595059973225e+00,5.085864889883978890e+00,5.002970204928551823e+00,4.885964924559310418e+00
9.300000000000000711e+00,1.426508979057837740e-10,2.368745134476165082e-01,3.497884237895204085e-01,5.885283608311681292e+00,5.228412054599345993e+00,5.083529553785069766e+00,4.991131976086343514e+00,4.866479594666841990e+00
9.349999999999999645e+00,1.358713670154686773e-10,2.574234546050878647e-01,3.836860782410958515e-01,5.924573276308223058e+00,5.250787146703927988e+00,5.086884803975586067e+00,4.984871542834220293e+00,4.852359107925941828e+00
9.400000000000000355e+00,1.286474283213728299e-10,2.790442408492120330e-01,4.198057717115751819e-01,5.970380977030799841e+00,5.279341870551760962e+00,5.096069304158433511e+00,4.984188789683081211e+00,4.843336179129366315e+00
9.449999999999999289e+00,1.209982701057743431e-10,3.016428507201500686e-01,4.580515627895676012e-01,6.023424238714362389e+00,5.314674160446990925e+00,5.111620902224274232e+00,4.989607263728956354e+00,4.839928630479910510e+00
9.500000000000000000e+00,1.129558803473743463e-10,3.250774476337664476e-01,4.982635115815675642e-01,6.084513507919062647e+00,5.357170754041980842e+00,5.133445994665976286e+00,5.000847676139748899e+00,4.841799455430525256e+00
9.550000000000000711e+00,1.045667952947529886e-10,3.491639201554261329e-01,5.402089368446743034e-01,6.154425300832869539e+00,5.407137520654856644e+00,5.161445061470530504e+00,5.017721103282283934e+00,4.848806524792493633e+00
9.599999999999999645e+00,9.589352812921560136e-11,3.736830827015061862e-01,5.835752726723613115e-01,6.234001257666534457e+00,5.465348956239324707e+00,5.196639343727717630e+00,5.041523779098270097e+00,4.862569848270581474e+00
9.650000000000000355e+00,8.701544666766479787e-11,3.983620237882372073e-01,6.279656799801152101e-01,6.324118212006140993e+00,5.532516143677810305e+00,5.239817103863444459e+00,5.073140477124894687e+00,4.884087854461043321e+00
9.699999999999999289e+00,7.802882953675290179e-11,4.228875348201605044e-01,6.728987656346746560e-01,6.425549809123907607e+00,5.609174049400373008e+00,5.291570189855107742e+00,5.113265887153268352e+00,4.914143498344913041e+00
9.750000000000000000e+00,6.904580912810818942e-11,4.469166301464873592e-01,7.178138676778983429e-01,6.539665906745916857e+00,5.696518348661037123e+00,5.353072711571485343e+00,5.163036502932484950e+00,4.953801290759656695e+00
9.800000000000000711e+00,6.019192133042748522e-11,4.700753006873196194e-01,7.620833066663018629e-01,6.668310798196628753e+00,5.796082294672125101e+00,5.425573912351509875e+00,5.223428683460674904e+00,5.003683448570384940e+00
9.849999999999999645e+00,5.160204308285612754e-11,4.919900603884257428e-01,8.050326979041587672e-01,6.813020854976656437e+00,5.908807847964496318e+00,5.509772214061847251e+00,5.295238482404258207e+00,5.064822978808052767e+00
9.900000000000000355e+00,4.341462498891763722e-11,5.122919813389817945e-01,8.459697883738511726e-01,6.975326368789836806e+00,6.035046333370353011e+00,5.605287590654029373e+00,5.377881583514671604e+00,5.136536426615180062e+00
9.949999999999999289e+00,3.576432752679477263e-11,5.306189326035897214e-01,8.842212756844654020e-01,7.156961259702320888e+00,6.175434397346123205e+00,5.712274945185072283e+00,5.471289825088888392e+00,5.218486241657025460e+00
1.000000000000000000e+01,2.877344275332498152e-11,5.466675295250382760e-01,9.191756995518143292e-01,7.359676320065666744e+00,6.330454473731890630e+00,5.830837652429153195e+00,5.575515950565744561e+00,5.310723025654453977e+00
1.005000000000000071e+01,2.254280455360114598e-11,5.602162209639005575e-01,9.503288905504335693e-01,7.585180320448948521e+00,6.500054454816066141e+00,5.960307180746077904e+00,5.689717179834651972e+00,5.412268646720917786e+00
1.009999999999999964e+01,1.714320716561689853e-11,5.711433846601423614e-01,9.773268774903547396e-01,7.834899014370435566e+00,6.683605176932012171e+00,6.099682762568356509e+00,5.812927989411754481e+00,5.522082858093817492e+00
1.015000000000000036e+01,1.260858266368786640e-11,5.794447434808498443e-01,1.000000000000000000e+00,8.109757254155546491e+00,6.880199880239551646e+00,6.248411049795301153e+00,5.945019492020691132e+00,5.640347100815517933e+00
