# log_age,instantaneous_sfr,integrated_stellar_mass,integrated_formed_mass,g,r
5.500000000000000000e+00,3.363314609928959146e-10,1.060912315817024614e-04,1.063629522722671806e-04,1.033697536777987835e+01,1.084129747986371939e+01
5.549999999999999822e+00,3.363271351677051022e-10,1.190321449122658162e-04,1.193404278445334078e-04,1.021189393657742528e+01,1.071620219119348150e+01
5.599999999999999645e+00,3.363222815782462941e-10,1.335440585954615525e-04,1.339011962210633685e-04,1.008662367074114741e+01,1.059089221932533320e+01
5.650000000000000355e+00,3.363168358446878871e-10,1.498186179850972532e-04,1.502383968961633624e-04,9.960914525457255309e+00,1.046512335346064049e+01
5.700000000000000178e+00,3.363107257361108947e-10,1.680693898099571467e-04,1.685687226273783351e-04,9.834682016473280441e+00,1.033881364318977347e+01
5.750000000000000000e+00,3.363038702136798187e-10,1.885334799160289334e-04,1.891352899204490551e-04,9.708075696157997925e+00,1.021211345127275649e+01
5.799999999999999822e+00,3.362961783573623118e-10,2.114807754128773007e-04,2.122108588729707391e-04,9.580772417761806992e+00,1.008470979081216257e+01
5.849999999999999645e+00,3.362875481620612152e-10,2.372144867587279112e-04,2.381014447763088037e-04,9.452401481999125110e+00,9.956243219249408583e+00
5.900000000000000355e+00,3.362778651873253406e-10,2.660680592315807415e-04,2.671503689839050777e-04,9.323130436491801731e+00,9.826890344982984971e+00
5.950000000000000178e+00,3.362670010428930757e-10,2.984176139749670446e-04,2.997428022806590932e-04,9.192733880837856475e+00,9.696446114225786062e+00
6.000000000000000000e+00,3.362548116901911995e-10,3.346835831090020632e-04,3.363108603862553889e-04,9.061016370018037946e+00,9.564732648584765684e+00
6.049999999999999822e+00,3.362411355375255976e-10,3.753303516907577873e-04,3.773393183831896315e-04,8.928198298689316914e+00,9.431969464178351359e+00
6.099999999999999645e+00,3.362257913040335868e-10,4.208805364958367922e-04,4.233720188591539690e-04,8.794041794740287799e+00,9.297908894836041327e+00
6.150000000000000355e+00,3.362085756244888758e-10,4.719079822496737757e-04,4.750190574934287191e-04,8.656006256799670950e+00,9.159809082755955956e+00
6.200000000000000178e+00,3.361892603637229642e-10,5.290262332620069728e-04,5.329648397909720345e-04,8.511187828440469616e+00,9.014595807989380205e+00
6.250000000000000000e+00,3.361675896057175422e-10,5.929371411209204829e-04,5.979771138074227660e-04,8.360403708363882913e+00,8.862174636067948086e+00
6.299999999999999822e+00,3.361432762782788540e-10,6.645332201341224397e-04,6.709170961234686009e-04,8.204135176179363498e+00,8.703295916068739757e+00
6.349999999999999645e+00,3.361159983696005328e-10,7.446602763616676701e-04,7.527508221582534251e-04,8.038377717486774543e+00,8.534313649523653567e+00
6.400000000000000355e+00,3.360853946878800272e-10,8.341673617719434818e-04,8.445618673199099770e-04,7.874400614762812722e+00,8.367097127419953040e+00
6.450000000000000178e+00,3.360510601094509975e-10,9.341805108883798362e-04,9.475656026068789324e-04,7.722304119356380170e+00,8.212473224029523067e+00
6.500000000000000000e+00,3.360125402545509822e-10,1.045818534180953385e-03,1.063125167307015298e-03,7.571426032172041687e+00,8.058802408773615866e+00
6.549999999999999822e+00,3.359693255228082574e-10,1.170675887092733399e-03,1.192769362535114766e-03,7.413344836041126484e+00,7.895920234113887659e+00
6.599999999999999645e+00,3.359208444127454553e-10,1.310375815123108675e-03,1.338212692723651743e-03,7.234262499108893962e+00,7.708851211538615189e+00
6.650000000000000355e+00,3.358664560409798414e-10,1.466445120715801752e-03,1.501377808020408315e-03,7.054124050000822876e+00,7.518355001505668156e+00
6.700000000000000178e+00,3.358054417673012148e-10,1.641019440677145237e-03,1.684420629056301898e-03,6.910882216519468102e+00,7.365646887660481923e+00
6.750000000000000000e+00,3.357369958213435860e-10,1.835670397217353811e-03,1.889758466929090290e-03,6.782113119831116421e+00,7.220559285130704552e+00
6.799999999999999822e+00,3.356602148150846873e-10,2.051855457155208652e-03,2.120101485705856281e-03,6.644905745771360728e+00,7.055180134717979001e+00
6.849999999999999645e+00,3.355740860128394499e-10,2.292009523097439730e-03,2.378487892441582315e-03,6.507105641486631953e+00,6.884167375924647558e+00
6.900000000000000355e+00,3.354774742167115916e-10,2.558918123435436221e-03,2.668323280825100809e-03,6.390649593458427091e+00,6.723331443389938045e+00
6.950000000000000178e+00,3.353691071105954785e-10,2.855458088961183860e-03,2.993424599173444972e-03,6.312919054842993205e+00,6.602913555654474465e+00
7.000000000000000000e+00,3.352475588897607596e-10,3.185024565385610133e-03,3.358069261677636575e-03,6.253876160888950153e+00,6.516472494953085004e+00
7.049999999999999822e+00,3.351112319858228808e-10,3.551468620297795666e-03,3.767049973491349343e-03,6.194554012023978373e+00,6.436975749046204953e+00
7.099999999999999645e+00,3.349583366785531313e-10,3.958860288627194003e-03,4.225735895300601445e-03,6.135037871854137848e+00,6.362932213845212459e+00
7.150000000000000355e+00,3.347868683666349493e-10,4.411812030803196130e-03,4.740140831055064501e-03,6.078561715820448796e+00,6.296183236042899978e+00
7.200000000000000178e+00,3.345945822493041718e-10,4.915676825880919976e-03,5.316999183047439390e-03,6.026544834982907162e+00,6.234918625142938708e+00
7.250000000000000000e+00,3.343789651501186278e-10,5.476194666787379851e-03,5.963850480604164679e-03,5.978348334063092295e+00,6.177631810558807501e+00
7.299999999999999822e+00,3.341372041932966099e-10,6.099684875825968355e-03,6.689133351070021029e-03,5.933051194751755020e+00,6.124778005121292779e+00
7.349999999999999645e+00,3.338661520227310345e-10,6.793465332032787816e-03,7.502289862766904453e-03,5.888423260336068665e+00,6.073846946761307208e+00
7.400000000000000355e+00,3.335622882347251251e-10,7.565521397416574874e-03,8.413881226784521508e-03,5.843521188617003759e+00,6.022728635035512923e+00
7.450000000000000178e+00,3.332216766787875889e-10,8.424413481136660414e-03,9.435715894597072537e-03,5.798454063141562642e+00,5.971607167269475269e+00
7.500000000000000000e+00,3.328399182678789539e-10,9.379661609868637437e-03,1.058099112732309964e-02,5.753450255532470692e+00,5.920955878190270028e+00
7.549999999999999822e+00,3.324120989321923304e-10,1.044208565300533235e-02,1.186444913438293620e-02,5.708704130148049671e+00,5.870526214311226454e+00
7.599999999999999645e+00,3.319327323512767855e-10,1.162346084840100262e-02,1.330254887712958335e-02,5.664593445106326897e+00,5.820200690836415447e+00
7.650000000000000355e+00,3.313956971111598959e-10,1.293646706602019116e-02,1.491365459748021129e-02,5.621843499967859259e+00,5.771194875877824870e+00
7.700000000000000178e+00,3.307941679600316970e-10,1.439525425827517871e-02,1.671824205086478929e-02,5.581027354524948692e+00,5.725275889255613038e+00
7.750000000000000000e+00,3.301205408829623850e-10,1.601619400216008210e-02,1.873912328207273312e-02,5.541314037777326007e+00,5.681805483039404692e+00
7.799999999999999822e+00,3.293663517892607301e-10,1.781776069355551356e-02,2.100169056317782376e-02,5.501540723748121309e+00,5.638503686699785078e+00
7.849999999999999645e+00,3.285221887131520232e-10,1.981962211400418311e-02,2.353417979150390638e-02,5.461728738641816960e+00,5.595199153387234503e+00
7.900000000000000355e+00,3.275775975789954065e-10,2.204358969775604971e-02,2.636795319397365958e-02,5.421883164048381332e+00,5.551991125316547482e+00
7.950000000000000178e+00,3.265209817879141854e-10,2.451377110301504111e-02,2.953780056721736977e-02,5.381927432628295094e+00,5.508613250652359739e+00
8.000000000000000000e+00,3.253394961576088268e-10,2.725602731167514961e-02,3.308225745813347940e-02,5.341969049764074384e+00,5.465103295241839021e+00
8.050000000000000711e+00,3.240189361082026582e-10,3.029872253810593496e-02,3.704393760635200927e-02,5.302218480537028711e+00,5.421819948466676919e+00
8.099999999999999645e+00,3.225436234543212832e-10,3.367327372417104614e-02,4.146987556799594521e-02,5.262818933490208906e+00,5.378914187476951270e+00
8.150000000000000355e+00,3.208962907607145457e-10,3.741070584913160080e-02,4.641187364881640270e-02,5.223871676940007092e+00,5.336384579070390544e+00
8.199999999999999289e+00,3.190579669725611304e-10,4.154395334554508712e-02,5.192684501327653190e-02,5.185493548667110986e+00,5.294361134587184381e+00
8.250000000000000000e+00,3.170078679724621327e-10,4.611264613337111296e-02,5.807714201357361966e-02,5.147777176178941261e+00,5.252817090249571663e+00
8.300000000000000711e+00,3.147232968770948259e-10,5.116536916121713213e-02,6.493085529967543290e-02,5.110846690853172447e+00,5.211820502793536036e+00
8.349999999999999645e+00,3.121795603021960705e-10,5.675416911743663695e-02,7.256206502437179129e-02,5.074858660157914869e+00,5.171474407105719706e+00
8.400000000000000355e+00,3.093499085290290947e-10,6.292916883819396623e-02,8.105102034387259846e-02,5.040056045276763541e+00,5.131886597010989703e+00
8.449999999999999289e+00,3.062055095287957638e-10,6.974323265721998899e-02,9.048421734457257060e-02,5.006726434347712029e+00,5.093302175737022708e+00
8.500000000000000000e+00,3.027154691642862423e-10,7.724403811092524219e-02,1.009543384381012127e-01,4.975165961220369581e+00,5.055895212757171464e+00
8.550000000000000711e+00,2.988469125940618146e-10,8.549524147732419366e-02,1.125600081487744819e-01,4.945696137900874589e+00,5.019803560448643509e+00
8.599999999999999645e+00,2.945651449291684522e-10,9.456575291705950070e-02,1.254053111434545176e-01,4.918552870210241679e+00,4.985178716821529576e+00
8.650000000000000355e+00,2.898339124681796825e-10,1.045101788273445353e-01,1.395990085264208480e-01,4.893925981460093055e+00,4.952155538316930006e+00
8.699999999999999289e+00,2.846157892324260301e-10,1.153893309503575687e-01,1.552533782336817936e-01,4.872089336801046500e+00,4.920881951863648851e+00
8.750000000000000000e+00,2.788727168197926809e-10,1.272581825219271379e-01,1.724825954715818732e-01,4.853452342097384076e+00,4.891633689965260601e+00
8.800000000000000711e+00,2.725667284520171305e-10,1.401730409570604574e-01,1.914005605749085070e-01,4.838439450648124307e+00,4.864777196240261503e+00
8.849999999999999645e+00,2.656608900086888345e-10,1.541902079942880643e-01,2.121180759048934827e-01,4.827378090624250717e+00,4.840548888092698121e+00
8.900000000000000355e+00,2.581204911246776657e-10,1.693531786592472332e-01,2.347392725569270033e-01,4.820571107041956793e+00,4.819194798163216831e+00
8.949999999999999289e+00,2.499145171428385914e-10,1.856813745619086964e-01,2.593571945024441550e-01,4.818356691918289414e+00,4.801138963651403913e+00
9.000000000000000000e+00,2.410174266609663318e-10,2.031898559955244710e-01,2.860484659480608816e-01,4.820957200287523392e+00,4.786715859039510690e+00
9.050000000000000711e+00,2.314112481212384426e-10,2.218972849662883828e-01,3.148670015672445643e-01,4.828508199828398517e+00,4.776164130293494736e+00
9.099999999999999645e+00,2.210879906631286981e-10,2.417728022705404878e-01,3.458367739415738051e-01,4.841056126409263527e+00,4.769096934389800424e+00
9.150000000000000355e+00,2.100523374879135307e-10,2.627562751465145063e-01,3.789437334672193791e-01,4.858210066356740242e+00,4.763782558788037136e+00
9.199999999999999289e+00,1.983245525788812431e-10,2.846666659758222973e-01,4.141270881943162063e-01,4.880616288402023883e+00,4.760604231167846478e+00
9.250000000000000000e+00,1.859434826204405832e-10,3.072794581969686689e-01,4.512702980696382538e-01,4.911877005869200730e+00,4.767482510489678305e+00
9.300000000000000711e+00,1.729694753183560319e-10,3.305206017615231473e-01,4.901923199758919103e-01,4.953316785200641448e+00,4.787076836169596561e+00
9.349999999999999645e+00,1.594869649579199353e-10,3.542757690927968439e-01,5.306398510572001292e-01,5.003508791566588343e+00,4.814905809787696001e+00
9.400000000000000355e+00,1.456064008730469677e-10,3.783045847747866230e-01,5.722815433118191297e-01,5.063065101338537488e+00,4.851261793912243547e+00
9.449999999999999289e+00,1.314651236327584222e-10,4.023275045875973621e-01,6.147053750326846311e-01,5.132874095552367066e+00,4.896893999927037555e+00
9.500000000000000000e+00,1.172267414654740126e-10,4.260112089428458870e-01,6.574205215345378939e-01,5.213514495155074258e+00,4.951697051273740158e+00
9.550000000000000711e+00,1.030785456315412578e-10,4.489919956151595115e-01,6.998651090363361416e-01,5.305372523870765633e+00,5.015445051709832569e+00
9.599999999999999645e+00,8.922655277701077559e-11,4.709020040085326042e-01,7.414210875999276418e-01,5.409390082415200141e+00,5.089327511785974423e+00
9.650000000000000355e+00,7.588790117121286026e-11,4.913571670354758281e-01,7.814370424173213703e-01,5.526280256354311859e+00,5.174100894692358565e+00
9.699999999999999289e+00,6.328057828413789529e-11,5.099955181912111390e-01,8.192590110785461510e-01,5.656303615102586946e+00,5.270127596324321928e+00
9.750000000000000000e+00,5.161082772151253103e-11,5.265075645618813027e-01,8.542682627664223149e-01,5.800520801509144064e+00,5.378437477488091645e+00
9.800000000000000711e+00,4.105905621177203014e-11,5.406425964369662163e-01,8.859235772956438604e-01,5.960335563831165473e+00,5.500029597003525339e+00
9.849999999999999645e+00,3.176557933558633872e-11,5.522587616788842135e-01,9.138040079242009117e-01,6.135751877560458922e+00,5.634689615028946719e+00
9.900000000000000355e+00,2.381800462655701153e-11,5.613145298916331072e-01,9.376467320512889003e-01,6.325149057646456185e+00,5.780010100851896482e+00
9.949999999999999289e+00,1.724230769955940773e-11,5.678497538599087680e-01,9.573738228322816735e-01,6.526797185832734272e+00,5.934112471046653070e+00
1.000000000000000000e+01,1.199955109901616391e-11,5.720275235191115693e-01,9.731020926339114530e-01,6.738089490272130888e+00,6.094795322007080074e+00
1.005000000000000071e+01,7.989602905974885369e-12,5.741161764456039762e-01,9.851319372130352692e-01,6.954897996180164910e+00,6.258383628014385636e+00
1.009999999999999964e+01,5.062115782270830976e-12,5.744568837639981718e-01,9.939143985841474294e-01,7.172061757883611222e+00,6.421148448804153475e+00
1.015000000000000036e+01,3.033581976986616023e-12,5.734324730008901749e-01,1.000000000000000000e+00,7.385041853140307921e+00,6.581384555754794974e+00
