# log_age,instantaneous_sfr,integrated_stellar_mass,integrated_formed_mass,g,r
5.500000000000000000e+00,2.125951365414697194e-10,6.707502026930682625e-05,6.723061109070145667e-05,1.103632186769649337e+01,1.153837763170623276e+01
5.549999999999999822e+00,2.125934959246328745e-10,7.525847237098895318e-05,7.543369527491772502e-05,1.091098873240213152e+01,1.141304927801419922e+01
5.599999999999999645e+00,2.125916551373378489e-10,8.443911079462624973e-05,8.463763175005015052e-05,1.078491017342668812e+01,1.128698701356775302e+01
5.650000000000000355e+00,2.125895897589970983e-10,9.473715858342372071e-05,9.496452345370001648e-05,1.065825561199437033e+01,1.116035463995176258e+01
5.700000000000000178e+00,2.125872723902712721e-10,1.062881415060706647e-04,1.065513670828823373e-04,1.053096017345693269e+01,1.103308873703726789e+01
5.750000000000000000e+00,2.125846722898678033e-10,1.192457676188702834e-04,1.195518691003270595e-04,1.040264070283421916e+01,1.090481643158464919e+01
5.799999999999999822e+00,2.125817549670904540e-10,1.337810174001386745e-04,1.341384829870180377e-04,1.027322993290616182e+01,1.077547051230489217e+01
5.849999999999999645e+00,2.125784817247572994e-10,1.500829545033068827e-04,1.505046946528156915e-04,1.014305135241885836e+01,1.064536488658380620e+01
5.900000000000000355e+00,2.125748091464538264e-10,1.683661650912594095e-04,1.688675861701536835e-04,1.001193088618992277e+01,1.051432648640044931e+01
5.950000000000000178e+00,2.125706885213563324e-10,1.888703803132053523e-04,1.894707116576513340e-04,9.879783397530090383e+00,1.038226762961083693e+01
6.000000000000000000e+00,2.125660651990433003e-10,2.118636935524274444e-04,2.125873232227291291e-04,9.746421004966421719e+00,1.024899499442439321e+01
6.049999999999999822e+00,2.125608778657960882e-10,2.376496100296499915e-04,2.385239894588641869e-04,9.611228446681735704e+00,1.011389229480853658e+01
6.099999999999999645e+00,2.125550577328640028e-10,2.665608679698917025e-04,2.676246541192679176e-04,9.474336652340383580e+00,9.977076300818794152e+00
6.150000000000000355e+00,2.125485276260225288e-10,2.989724473809290657e-04,3.002751883266174511e-04,9.335413591708757508e+00,9.838219713278938627e+00
6.200000000000000178e+00,2.125412009644671761e-10,3.353021760640884346e-04,3.369084961033257586e-04,9.194090790481681097e+00,9.696953282827699638e+00
6.250000000000000000e+00,2.125329806156516112e-10,3.760092498359250712e-04,3.780102401811241968e-04,9.050060273376082876e+00,9.552937632207537888e+00
6.299999999999999822e+00,2.125237576110710412e-10,4.215963284505651332e-04,4.241252630841054676e-04,8.898277925248123665e+00,9.400953174935430923e+00
6.349999999999999645e+00,2.125134097061989549e-10,4.725971378769730242e-04,4.758647874445214227e-04,8.733057286656624285e+00,9.234342661029160126e+00
6.400000000000000355e+00,2.125017997657818659e-10,5.296675710163633666e-04,5.339144895299463350e-04,8.559128336187583841e+00,9.058137418983179145e+00
6.450000000000000178e+00,2.124887739534585643e-10,5.933772173629580033e-04,5.990435511464893992e-04,8.380496486328944172e+00,8.875681317044687546e+00
6.500000000000000000e+00,2.124741597021779517e-10,6.645335855170213983e-04,6.721148075494676405e-04,8.188857626343782670e+00,8.679577987103613168e+00
6.549999999999999822e+00,2.124577634391069833e-10,7.441320280717550950e-04,7.540961229042597927e-04,7.996771894807835679e+00,8.479136273517283939e+00
6.599999999999999645e+00,2.124393680356249522e-10,8.330212898292520480e-04,8.460731403144450963e-04,7.823252550840443575e+00,8.297009745516938040e+00
6.650000000000000355e+00,2.124187299495543438e-10,9.322589357573893721e-04,9.492635706674738827e-04,7.663871483730460454e+00,8.131689917482162855e+00
6.700000000000000178e+00,2.123955760229505559e-10,1.043056442337869996e-03,1.065033203686478660e-03,7.502765199380483807e+00,7.958818388433094526e+00
6.750000000000000000e+00,2.123695998945220781e-10,1.166510159231100036e-03,1.194913845828840700e-03,7.351754830765877102e+00,7.788004840559352715e+00
6.799999999999999822e+00,2.123404579810440251e-10,1.303721493799724291e-03,1.340623413219067459e-03,7.209286084105841041e+00,7.620893136416448499e+00
6.849999999999999645e+00,2.123077649769151054e-10,1.456258955263015596e-03,1.504088433863733131e-03,7.062341622064217006e+00,7.442144759882538096e+00
6.900000000000000355e+00,2.122710888152531484e-10,1.625852227328869600e-03,1.687469242173534733e-03,6.943883321237358075e+00,7.274765050417833834e+00
6.950000000000000178e+00,2.122299450275818342e-10,1.814352761380601123e-03,1.893188180530116105e-03,6.859654105998615137e+00,7.141784730422656935e+00
7.000000000000000000e+00,2.121837904321893732e-10,2.023886557651839984e-03,2.123961157492367836e-03,6.782322896941543888e+00,7.032013589298387046e+00
7.049999999999999822e+00,2.121320160736006140e-10,2.256782277175427287e-03,2.382832950436328690e-03,6.705783787857029665e+00,6.931622026084447441e+00
7.099999999999999645e+00,2.120739393272594594e-10,2.515575026228138080e-03,2.673216682141987387e-03,6.636925579263234454e+00,6.846983880421063873e+00
7.150000000000000355e+00,2.120087950744446095e-10,2.803332920670419635e-03,2.998937946216239173e-03,6.576099268416406574e+00,6.775547301695837632e+00
7.200000000000000178e+00,2.119357258426179754e-10,3.123464913326357527e-03,3.364284105349388872e-03,6.518933104908384735e+00,6.708873814142990000e+00
7.250000000000000000e+00,2.118537707958354974e-10,3.479504414415346240e-03,3.774059339261702679e-03,6.466212801046410164e+00,6.648362949287658807e+00
7.299999999999999822e+00,2.117618534485557778e-10,3.875631017401106205e-03,4.233646075660338869e-03,6.416788427105714732e+00,6.592446549724229499e+00
7.349999999999999645e+00,2.116587679642156066e-10,4.316521907732491850e-03,4.749073497361273183e-03,6.368464524012338757e+00,6.537703963231116688e+00
7.400000000000000355e+00,2.115431638874034946e-10,4.807103156566855037e-03,5.327093881421851064e-03,6.321265262240920890e+00,6.484102618229577786e+00
7.450000000000000178e+00,2.114135291455003056e-10,5.352879117563076952e-03,5.975267590937759915e-03,6.275351487164314790e+00,6.431760191232214652e+00
7.500000000000000000e+00,2.112681711424972880e-10,5.959947877236841489e-03,6.702057605952846039e-03,6.231037108432687432e+00,6.381603590703171847e+00
7.549999999999999822e+00,2.111051957546667098e-10,6.635456206658300361e-03,7.516934545105783717e-03,6.187613792217156572e+00,6.333661718666988349e+00
7.599999999999999645e+00,2.109224840252887656e-10,7.387536967104840757e-03,8.430493191995416802e-03,6.143416924341252638e+00,6.285844198979681607e+00
7.650000000000000355e+00,2.107176663443311009e-10,8.224771907314297123e-03,9.454581596783849864e-03,6.097790047958255855e+00,6.237038255956193211e+00
7.700000000000000178e+00,2.104880938896282180e-10,9.156525491474824807e-03,1.060244387029818033e-02,6.050985818345267830e+00,6.187580276169668991e+00
7.750000000000000000e+00,2.102308070997675861e-10,1.019312100212210748e-02,1.188887781960139625e-02,6.003559788531532604e+00,6.137898730542090675e+00
7.799999999999999822e+00,2.099425009469138653e-10,1.134612329324336671e-02,1.333040858387005839e-02,5.956400251695342263e+00,6.088212728972948184e+00
7.849999999999999645e+00,2.096194867819506056e-10,1.262836269688334505e-02,1.494547940868625954e-02,5.910001250329955269e+00,6.038572440621585713e+00
7.900000000000000355e+00,2.092576505368198582e-10,1.405382557640951977e-02,1.675466063433996358e-02,5.864591000230106488e+00,5.989603023544695759e+00
7.950000000000000178e+00,2.088524070926338967e-10,1.563844752949905201e-02,1.878087785526981121e-02,5.820095024942801842e+00,5.941304378586728774e+00
8.000000000000000000e+00,2.083986506605764415e-10,1.739984110970550779e-02,2.104966001555707428e-02,5.776217421258451168e+00,5.893200733194099428e+00
8.050000000000000711e+00,2.078907010802455696e-10,1.935680152481753652e-02,2.358940791721137950e-02,5.732989658444452630e+00,5.845486279454206624e+00
8.099999999999999645e+00,2.073222460224151005e-10,2.153017555781194803e-02,2.643168320636374649e-02,5.690382126062033308e+00,5.798381574898094470e+00
8.150000000000000355e+00,2.066862791969570449e-10,2.394123519636971037e-02,2.961151733365406311e-02,5.648303550634132364e+00,5.751913269460430911e+00
8.199999999999999289e+00,2.059750348200898508e-10,2.661266313859912691e-02,3.316773921798999575e-02,5.606876964419754472e+00,5.706196582392799144e+00
8.250000000000000000e+00,2.051799187981012854e-10,2.957183099803407586e-02,3.714331932793282776e-02,5.566175316078989965e+00,5.661232554799099148e+00
8.300000000000000711e+00,2.042914373490470272e-10,3.285266552217715186e-02,4.158572657320407789e-02,5.526219302063829275e+00,5.616999155359707174e+00
8.349999999999999645e+00,2.032991241235355956e-10,3.649184725305531368e-02,4.654729270076125858e-02,5.487045416464752634e+00,5.573480988358738841e+00
8.400000000000000355e+00,2.021914673166624474e-10,4.052567864553283106e-02,5.208557673512704406e-02,5.448600023068280507e+00,5.530374311017190792e+00
8.449999999999999289e+00,2.009558388037140525e-10,4.499329126441055371e-02,5.826371929986898235e-02,5.410977510076186547e+00,5.487640365341249549e+00
8.500000000000000000e+00,1.995784280026267325e-10,4.993187577841413927e-02,6.515077330530556765e-02,5.374354948027708190e+00,5.445567966159138962e+00
8.550000000000000711e+00,1.980441839879457880e-10,5.538759287107060392e-02,7.282199337871025913e-02,5.338952065845994355e+00,5.404345191289557704e+00
8.599999999999999645e+00,1.963367703760789068e-10,6.141868973995062708e-02,8.135906143804476354e-02,5.304987683631154027e+00,5.364045329114610183e+00
8.650000000000000355e+00,1.944385386904058835e-10,6.807685028759327683e-02,9.085021986640977321e-02,5.272671323622112993e+00,5.324797016767398361e+00
8.699999999999999289e+00,1.923305273134629077e-10,7.541315893028763262e-02,1.013902767511248443e-01,5.242210384901746067e+00,5.286658223153260394e+00
8.750000000000000000e+00,1.899924947496905007e-10,8.348468194817533494e-02,1.130804395699868542e-01,5.213869507885377175e+00,5.249815801315314445e+00
8.800000000000000711e+00,1.874029977494450852e-10,9.234763425509938395e-02,1.260279245712139506e-01,5.187885755981199054e+00,5.214499666272665479e+00
8.849999999999999645e+00,1.845395268536476403e-10,1.020624135816403655e-01,1.403452790502010550e-01,5.164464273272862727e+00,5.180864207238258246e+00
8.900000000000000355e+00,1.813787140451463213e-10,1.126899215302691881e-01,1.561493430927076431e-01,5.143822518925254883e+00,5.148801243128033889e+00
8.949999999999999289e+00,1.778966293254797642e-10,1.242837655049944812e-01,1.735597666910405068e-01,5.126200250644870948e+00,5.118456779208536034e+00
9.000000000000000000e+00,1.740691849950835108e-10,1.369025904337204669e-01,1.926969883430217356e-01,5.111836070075824523e+00,5.090240647633876847e+00
9.050000000000000711e+00,1.698726679328070778e-10,1.506069726850166046e-01,2.136795736544038204e-01,5.100881347923689191e+00,5.064214063432231683e+00
9.099999999999999645e+00,1.652844208645652106e-10,1.654347499568299129e-01,2.366208089956132465e-01,5.092859380791111334e+00,5.038789117418744468e+00
9.150000000000000355e+00,1.602836929592090297e-10,1.814107554417760393e-01,2.616244485223941929e-01,5.087087784681635583e+00,5.012380956314814284e+00
9.199999999999999289e+00,1.548526774089913901e-10,1.984535135947045892e-01,2.887795262734824120e-01,5.086528535205758317e+00,4.990944455776023858e+00
9.250000000000000000e+00,1.489777480867414721e-10,2.165547033843713276e-01,3.181541728847319672e-01,5.093500765620824211e+00,4.979127567836300727e+00
9.300000000000000711e+00,1.426508979057837740e-10,2.358107509004871427e-01,3.497884237895204085e-01,5.106581567725797299e+00,4.974142564128726463e+00
9.349999999999999645e+00,1.358713670154686773e-10,2.561976090068153189e-01,3.836860782410958515e-01,5.125392326139461829e+00,4.974637235151739389e+00
9.400000000000000355e+00,1.286474283213728299e-10,2.776636884873140976e-01,4.198057717115751819e-01,5.150173615218022860e+00,4.980556599399903916e+00
9.449999999999999289e+00,1.209982701057743431e-10,3.001130381084110010e-01,4.580515627895676012e-01,5.181407310262549970e+00,4.992205789907067981e+00
9.500000000000000000e+00,1.129558803473743463e-10,3.234009343601942921e-01,4.982635115815675642e-01,5.219435493871849019e+00,5.009772993898586435e+00
9.550000000000000711e+00,1.045667952947529886e-10,3.473490443884034162e-01,5.402089368446743034e-01,5.264986163150418008e+00,5.034083449631793883e+00
9.599999999999999645e+00,9.589352812921560136e-11,3.717345598093093617e-01,5.835752726723613115e-01,5.318936340091404702e+00,5.066229459870086771e+00
9.650000000000000355e+00,8.701544666766479787e-11,3.963109154046473570e-01,6.279656799801152101e-01,5.382044485238758114e+00,5.107369031711563423e+00
9.699999999999999289e+00,7.802882953675290179e-11,4.208024394942603275e-01,6.728987656346746560e-01,5.454616156535948335e+00,5.157403939903446144e+00
9.750000000000000000e+00,6.904580912810818942e-11,4.448666294401271148e-01,7.178138676778983429e-01,5.536621273948668431e+00,5.215311292898519469e+00
9.800000000000000711e+00,6.019192133042748522e-11,4.681201004619217065e-01,7.620833066663018629e-01,5.628461817542536494e+00,5.281809931290894156e+00
9.849999999999999645e+00,5.160204308285612754e-11,4.901716766829510852e-01,8.050326979041587672e-01,5.731072928644877607e+00,5.357738459414818522e+00
9.900000000000000355e+00,4.341462498891763722e-11,5.106394289581785984e-01,8.459697883738511726e-01,5.846062359530009189e+00,5.444285524792498165e+00
9.949999999999999289e+00,3.576432752679477263e-11,5.291259920886884904e-01,8.842212756844654020e-01,5.973188798706857483e+00,5.539853063083185702e+00
1.000000000000000000e+01,2.877344275332498152e-11,5.452647830447873156e-01,9.191756995518143292e-01,6.113056702127678932e+00,5.644484715865083047e+00
1.005000000000000071e+01,2.254280455360114598e-11,5.588121644426601309e-01,9.503288905504335693e-01,6.267166356020631213e+00,5.760581066394351524e+00
1.009999999999999964e+01,1.714320716561689853e-11,5.696490944781928967e-01,9.773268774903547396e-01,6.435448366073686088e+00,5.888000822592140082e+00
1.015000000000000036e+01,1.260858266368786640e-11,5.777861551609573265e-01,1.000000000000000000e+00,6.617178226002529584e+00,6.026166008909648042e+00
