# log_age,instantaneous_sfr,integrated_stellar_mass,integrated_formed_mass,g,r
5.500000000000000000e+00,0.000000000000000000e+00,9.980273276259058468e-01,1.000000000000000000e+00,5.454094454408249248e-01,1.046234951914357225e+00
5.549999999999999822e+00,0.000000000000000000e+00,9.978517499213641617e-01,1.000000000000000000e+00,5.380241244989605320e-01,1.038898820712660154e+00
5.599999999999999645e+00,0.000000000000000000e+00,9.973242035800531369e-01,1.000000000000000000e+00,5.356962513877761012e-01,1.036436020819614612e+00
5.650000000000000355e+00,0.000000000000000000e+00,9.968157558610796221e-01,1.000000000000000000e+00,5.317743927832481177e-01,1.032384922383911885e+00
5.700000000000000178e+00,0.000000000000000000e+00,9.965790436396478880e-01,1.000000000000000000e+00,5.211291356492608884e-01,1.021740173671751961e+00
5.750000000000000000e+00,0.000000000000000000e+00,9.959895620253306214e-01,1.000000000000000000e+00,5.159053789160523706e-01,1.016330637154467809e+00
5.799999999999999822e+00,0.000000000000000000e+00,9.957209226933464441e-01,1.000000000000000000e+00,5.022887256460251137e-01,1.002689537134578757e+00
5.849999999999999645e+00,0.000000000000000000e+00,9.953957262168390274e-01,1.000000000000000000e+00,4.875557807254722320e-01,9.879002517001609363e-01
5.900000000000000355e+00,0.000000000000000000e+00,9.947347331485129063e-01,1.000000000000000000e+00,4.778118624750291588e-01,9.779846269215966004e-01
5.950000000000000178e+00,0.000000000000000000e+00,9.943146580725911177e-01,1.000000000000000000e+00,4.585598256298055730e-01,9.587003169661798552e-01
6.000000000000000000e+00,0.000000000000000000e+00,9.934721910040196224e-01,1.000000000000000000e+00,4.440756642622005756e-01,9.440844557643899293e-01
6.049999999999999822e+00,0.000000000000000000e+00,9.928975464942164653e-01,1.000000000000000000e+00,4.182401932668753375e-01,9.184847488753931088e-01
6.099999999999999645e+00,0.000000000000000000e+00,9.922316886861833884e-01,1.000000000000000000e+00,3.884361710879744578e-01,8.890626137939534601e-01
6.150000000000000355e+00,0.000000000000000000e+00,9.913783067086200385e-01,1.000000000000000000e+00,3.528116610176255108e-01,8.536764664313309936e-01
6.200000000000000178e+00,0.000000000000000000e+00,9.902801985686440212e-01,1.000000000000000000e+00,3.094893622197218974e-01,8.099354513294230173e-01
6.250000000000000000e+00,0.000000000000000000e+00,9.887906882361602312e-01,1.000000000000000000e+00,2.509310465696401593e-01,7.496045146397563030e-01
6.299999999999999822e+00,0.000000000000000000e+00,9.869019810053614172e-01,1.000000000000000000e+00,1.444376630661992067e-01,6.398778421447346432e-01
6.349999999999999645e+00,0.000000000000000000e+00,9.843717224672728916e-01,1.000000000000000000e+00,1.652438116223464704e-02,5.054654360004349201e-01
6.400000000000000355e+00,0.000000000000000000e+00,9.809783017070302646e-01,1.000000000000000000e+00,-4.805678782130939908e-02,4.328978176268023503e-01
6.450000000000000178e+00,0.000000000000000000e+00,9.772908053146089902e-01,1.000000000000000000e+00,-2.345955165940267761e-01,2.378333809960224698e-01
6.500000000000000000e+00,0.000000000000000000e+00,9.727911074874350250e-01,1.000000000000000000e+00,-3.085564534368643308e-01,1.601937591177744480e-01
6.549999999999999822e+00,0.000000000000000000e+00,9.683570093893073549e-01,1.000000000000000000e+00,-3.078038111972674074e-01,9.576472957471793279e-02
6.599999999999999645e+00,0.000000000000000000e+00,9.580449912406315827e-01,1.000000000000000000e+00,-3.933741845866904896e-01,2.123124782438878810e-02
6.650000000000000355e+00,0.000000000000000000e+00,9.549528900705963608e-01,1.000000000000000000e+00,-2.841392117703378517e-01,1.069510686469357097e-01
6.700000000000000178e+00,0.000000000000000000e+00,9.525699157796103655e-01,1.000000000000000000e+00,4.779488468311399174e-02,4.297049141004976036e-01
6.750000000000000000e+00,0.000000000000000000e+00,9.437428647085145395e-01,1.000000000000000000e+00,-9.613674353163048636e-02,1.703024554603160823e-01
6.799999999999999822e+00,0.000000000000000000e+00,9.338137231296456120e-01,1.000000000000000000e+00,-1.332655195769163470e-01,7.450950725178984158e-02
6.849999999999999645e+00,0.000000000000000000e+00,9.254300130650696676e-01,1.000000000000000000e+00,-1.349995106985346638e-01,1.720370135771531750e-03
6.900000000000000355e+00,0.000000000000000000e+00,9.166496530330169312e-01,1.000000000000000000e+00,2.471095393652049665e-01,1.177708206324794560e-01
6.950000000000000178e+00,0.000000000000000000e+00,9.080314183800213268e-01,1.000000000000000000e+00,8.194274424770995324e-01,6.730096473780378119e-01
7.000000000000000000e+00,0.000000000000000000e+00,9.000864045087197951e-01,1.000000000000000000e+00,8.989011013995593657e-01,8.413772614723100673e-01
7.049999999999999822e+00,0.000000000000000000e+00,8.923663230740268570e-01,1.000000000000000000e+00,9.510423911201044689e-01,9.389768446887813980e-01
7.099999999999999645e+00,0.000000000000000000e+00,8.845168526357427563e-01,1.000000000000000000e+00,1.039512405462112099e+00,1.088719744388058075e+00
7.150000000000000355e+00,0.000000000000000000e+00,8.771286085909447694e-01,1.000000000000000000e+00,1.207132892496844079e+00,1.274392375383264664e+00
7.200000000000000178e+00,0.000000000000000000e+00,8.703326464438174703e-01,1.000000000000000000e+00,1.356456393725039788e+00,1.395129620266651216e+00
7.250000000000000000e+00,0.000000000000000000e+00,8.633352914379338605e-01,1.000000000000000000e+00,1.529250632104279362e+00,1.555801879197503013e+00
7.299999999999999822e+00,0.000000000000000000e+00,8.566296965775901384e-01,1.000000000000000000e+00,1.652113775114351313e+00,1.711801155757271431e+00
7.349999999999999645e+00,0.000000000000000000e+00,8.505010161287783754e-01,1.000000000000000000e+00,1.728687684730019214e+00,1.778759925852192225e+00
7.400000000000000355e+00,0.000000000000000000e+00,8.442195086822723571e-01,1.000000000000000000e+00,1.808573900983738270e+00,1.852991481156962550e+00
7.450000000000000178e+00,0.000000000000000000e+00,8.378620496139681517e-01,1.000000000000000000e+00,1.895377078168685614e+00,1.936106995127701680e+00
7.500000000000000000e+00,0.000000000000000000e+00,8.315060124567246191e-01,1.000000000000000000e+00,2.005087640006706806e+00,2.077064251061116806e+00
7.549999999999999822e+00,0.000000000000000000e+00,8.261391034743461592e-01,1.000000000000000000e+00,2.038387682858555650e+00,2.117546316601114142e+00
7.599999999999999645e+00,0.000000000000000000e+00,8.206743309045214652e-01,1.000000000000000000e+00,2.074144450155614550e+00,2.162095428907655048e+00
7.650000000000000355e+00,0.000000000000000000e+00,8.151228077265030292e-01,1.000000000000000000e+00,2.118940118916697202e+00,2.212569506800917907e+00
7.700000000000000178e+00,0.000000000000000000e+00,8.094438120411775461e-01,1.000000000000000000e+00,2.168616165903628712e+00,2.267611557522315024e+00
7.750000000000000000e+00,0.000000000000000000e+00,8.037810918029719698e-01,1.000000000000000000e+00,2.238482476134819876e+00,2.331579253258055928e+00
7.799999999999999822e+00,0.000000000000000000e+00,7.980705121047094730e-01,1.000000000000000000e+00,2.334149941549611640e+00,2.408793721635525742e+00
7.849999999999999645e+00,0.000000000000000000e+00,7.922969669742317977e-01,1.000000000000000000e+00,2.426794501087577771e+00,2.489773000896477129e+00
7.900000000000000355e+00,0.000000000000000000e+00,7.864642129683068195e-01,1.000000000000000000e+00,2.535941775558370637e+00,2.595944510571925434e+00
7.950000000000000178e+00,0.000000000000000000e+00,7.809077603381664456e-01,1.000000000000000000e+00,2.619246450942483762e+00,2.662935783791262168e+00
8.000000000000000000e+00,0.000000000000000000e+00,7.753632392989592281e-01,1.000000000000000000e+00,2.700516022628775659e+00,2.738614087143723452e+00
8.050000000000000711e+00,0.000000000000000000e+00,7.697671433172993405e-01,1.000000000000000000e+00,2.783808694500244485e+00,2.819073366173327599e+00
8.099999999999999645e+00,0.000000000000000000e+00,7.641659879723491366e-01,1.000000000000000000e+00,2.872611722167611958e+00,2.914571025080526567e+00
8.150000000000000355e+00,0.000000000000000000e+00,7.574705787318268824e-01,1.000000000000000000e+00,2.954554472763952333e+00,3.000355527294857438e+00
8.199999999999999289e+00,0.000000000000000000e+00,7.507164439507552078e-01,1.000000000000000000e+00,3.045347359710085300e+00,3.097148011082126118e+00
8.250000000000000000e+00,0.000000000000000000e+00,7.442703545567742607e-01,1.000000000000000000e+00,3.129991139009590029e+00,3.181212154252492041e+00
8.300000000000000711e+00,0.000000000000000000e+00,7.395448957711474591e-01,1.000000000000000000e+00,3.216514396260294006e+00,3.266556003888233306e+00
8.349999999999999645e+00,0.000000000000000000e+00,7.348072012641481132e-01,1.000000000000000000e+00,3.310443378689853944e+00,3.342716544866185302e+00
8.400000000000000355e+00,0.000000000000000000e+00,7.300675568541582505e-01,1.000000000000000000e+00,3.405583807744370972e+00,3.414541508434041361e+00
8.449999999999999289e+00,0.000000000000000000e+00,7.251417527062427038e-01,1.000000000000000000e+00,3.500998505880538403e+00,3.483067832744808356e+00
8.500000000000000000e+00,0.000000000000000000e+00,7.188144362824928635e-01,1.000000000000000000e+00,3.601763206043898435e+00,3.561124300016722088e+00
8.550000000000000711e+00,0.000000000000000000e+00,7.149441644578918842e-01,1.000000000000000000e+00,3.699916898378809549e+00,3.643517706911445941e+00
8.599999999999999645e+00,0.000000000000000000e+00,7.100246135925544211e-01,1.000000000000000000e+00,3.804108050253105944e+00,3.729092611318819195e+00
8.650000000000000355e+00,0.000000000000000000e+00,7.050585592092831755e-01,1.000000000000000000e+00,3.917891049444492069e+00,3.811142633676894320e+00
8.699999999999999289e+00,0.000000000000000000e+00,7.000547222574947659e-01,1.000000000000000000e+00,4.033102280888996916e+00,3.891626673208861575e+00
8.750000000000000000e+00,0.000000000000000000e+00,6.945694814870440048e-01,1.000000000000000000e+00,4.158109935926006528e+00,3.977834083368378515e+00
8.800000000000000711e+00,0.000000000000000000e+00,6.895270379190551191e-01,1.000000000000000000e+00,4.288083757111650129e+00,4.068610677700434053e+00
8.849999999999999645e+00,0.000000000000000000e+00,6.844586760945066128e-01,1.000000000000000000e+00,4.413736565839975867e+00,4.162677991756133622e+00
8.900000000000000355e+00,0.000000000000000000e+00,6.793522017098282406e-01,1.000000000000000000e+00,4.543580960982055217e+00,4.247103302559771976e+00
8.949999999999999289e+00,0.000000000000000000e+00,6.734042302836890093e-01,1.000000000000000000e+00,4.675140633881056829e+00,4.336797416498441748e+00
9.000000000000000000e+00,0.000000000000000000e+00,6.682316533652427060e-01,1.000000000000000000e+00,4.801016480958260502e+00,4.429700980484355455e+00
9.050000000000000711e+00,0.000000000000000000e+00,6.633323825595590639e-01,1.000000000000000000e+00,4.926202049622439461e+00,4.517566664892044059e+00
9.099999999999999645e+00,0.000000000000000000e+00,6.576329974433762215e-01,1.000000000000000000e+00,5.016188651081520788e+00,4.538293822900527630e+00
9.150000000000000355e+00,0.000000000000000000e+00,6.521658266007195337e-01,1.000000000000000000e+00,5.083128184068563371e+00,4.552595898795011919e+00
9.199999999999999289e+00,0.000000000000000000e+00,6.406684650029951245e-01,1.000000000000000000e+00,5.329172492129977456e+00,4.796905033224746262e+00
9.250000000000000000e+00,0.000000000000000000e+00,6.354101405324302787e-01,1.000000000000000000e+00,5.485000951036496986e+00,4.935848921929895994e+00
9.300000000000000711e+00,0.000000000000000000e+00,6.301124164655079740e-01,1.000000000000000000e+00,5.635151013460131253e+00,5.069458803354628174e+00
9.349999999999999645e+00,0.000000000000000000e+00,6.251961096240150617e-01,1.000000000000000000e+00,5.768153830605768917e+00,5.177794838182663284e+00
9.400000000000000355e+00,0.000000000000000000e+00,6.205321294082239980e-01,1.000000000000000000e+00,5.898752513283127996e+00,5.284118971876488047e+00
9.449999999999999289e+00,0.000000000000000000e+00,6.159797079265096897e-01,1.000000000000000000e+00,6.035861654914782548e+00,5.395562086005625702e+00
9.500000000000000000e+00,0.000000000000000000e+00,6.112924344640148222e-01,1.000000000000000000e+00,6.161752717227145126e+00,5.498355074331243486e+00
9.550000000000000711e+00,0.000000000000000000e+00,6.069746805578097870e-01,1.000000000000000000e+00,6.280695288379689600e+00,5.599979675936580747e+00
9.599999999999999645e+00,0.000000000000000000e+00,6.027420674439123438e-01,1.000000000000000000e+00,6.403846688956129185e+00,5.710268639762631437e+00
9.650000000000000355e+00,0.000000000000000000e+00,5.985095197757230867e-01,1.000000000000000000e+00,6.495549432162029291e+00,5.799562698076037748e+00
9.699999999999999289e+00,0.000000000000000000e+00,5.945235855987477391e-01,1.000000000000000000e+00,6.603730110326495151e+00,5.891812817644179745e+00
9.750000000000000000e+00,0.000000000000000000e+00,5.905915188149777340e-01,1.000000000000000000e+00,6.718312167149896652e+00,5.991761567113847775e+00
9.800000000000000711e+00,0.000000000000000000e+00,5.868057604945763339e-01,1.000000000000000000e+00,6.875642579170431645e+00,6.149783979154776148e+00
9.849999999999999645e+00,0.000000000000000000e+00,5.834147668691003208e-01,1.000000000000000000e+00,6.983603195339782133e+00,6.245753478626255628e+00
9.900000000000000355e+00,0.000000000000000000e+00,5.800681756537778844e-01,1.000000000000000000e+00,7.096229380778787288e+00,6.346177424924974275e+00
9.949999999999999289e+00,0.000000000000000000e+00,5.767789331174827394e-01,1.000000000000000000e+00,7.202268810869242088e+00,6.436682643725696096e+00
1.000000000000000000e+01,0.000000000000000000e+00,5.735199002096039722e-01,1.000000000000000000e+00,7.312600029663627765e+00,6.532565562164386108e+00
1.005000000000000071e+01,0.000000000000000000e+00,5.703205135281301796e-01,1.000000000000000000e+00,7.419849619899281379e+00,6.625554390538091809e+00
1.009999999999999964e+01,0.000000000000000000e+00,5.671684891274461071e-01,1.000000000000000000e+00,7.532556962739228368e+00,6.722759169549647140e+00
1.015000000000000036e+01,0.000000000000000000e+00,5.640871769478673636e-01,1.000000000000000000e+00,7.640893257183108744e+00,6.815704773149576567e+00
