# log_age,instantaneous_sfr,integrated_stellar_mass,integrated_formed_mass,g,r
5.500000000000000000e+00,7.666110216421149687e-15,1.209312687624561885e-09,1.212131130840346742e-09,2.296278893961629564e+01,2.346470532168672207e+01
5.549999999999999822e+00,8.601483946111447797e-15,1.522429852381478872e-09,1.525978959285346822e-09,2.271276679923249731e+01,2.321468353588769418e+01
5.599999999999999645e+00,9.650981939078511199e-15,1.916613029533820152e-09,1.921088055640212308e-09,2.246260409565526572e+01,2.296452327454910147e+01
5.650000000000000355e+00,1.082852723654286103e-14,2.412842261491931749e-09,2.418498760480771569e-09,2.221218280015370539e+01,2.271410820114526530e+01
5.700000000000000178e+00,1.214974117161837958e-14,3.037516426820544880e-09,3.044698578701371441e-09,2.196144912957981887e+01,2.246338459141901467e+01
5.750000000000000000e+00,1.363215044311562702e-14,3.823867819878351260e-09,3.833032643792746484e-09,2.171028664785948337e+01,2.221223810953392075e+01
5.799999999999999822e+00,1.529541941755696371e-14,4.813728587174759456e-09,4.825480215161984292e-09,2.145855956704010481e+01,2.196053558066891753e+01
5.849999999999999645e+00,1.716161072771528042e-14,6.059740457607288246e-09,6.074888222890633346e-09,2.120618476541982744e+01,2.170819499664959551e+01
5.900000000000000355e+00,1.925547760779088328e-14,7.628133476472913858e-09,7.647787375145432937e-09,2.095314086108044194e+01,2.145519429521382904e+01
5.950000000000000178e+00,2.160479182184180349e-14,9.602268759814414615e-09,9.627931551628507635e-09,2.069933376694057614e+01,2.120143986297924954e+01
6.000000000000000000e+00,2.424071150856168168e-14,1.208701549563605080e-08,1.212075977950110057e-08,2.044471581296409113e+01,2.094688239389988382e+01
6.049999999999999822e+00,2.719819378783489434e-14,1.521435683379079227e-08,1.525900844438359392e-08,2.018911807471229736e+01,2.069135193024251862e+01
6.099999999999999645e+00,3.051645755923602226e-14,1.915034087506248040e-08,1.920977807067867243e-08,1.993236102421691669e+01,2.043466622901831897e+01
6.150000000000000355e+00,3.423950257704402997e-14,2.410379421983999239e-08,2.418343021064265503e-08,1.967431645222246317e+01,2.017669311765678941e+01
6.200000000000000178e+00,3.841669161847969580e-14,3.033739731772267371e-08,3.044478483823919970e-08,1.941475504498710336e+01,1.991720220814606535e+01
6.250000000000000000e+00,4.310340338068730299e-14,3.818135462011576206e-08,3.832721922895148695e-08,1.915346653393091714e+01,1.965597806994611574e+01
6.299999999999999822e+00,4.836176465734967616e-14,4.805056243840679398e-08,4.825041216336268271e-08,1.888980850328982086e+01,1.939235588830153034e+01
6.349999999999999645e+00,5.426147136867503464e-14,6.046568487892430562e-08,6.074268439585749473e-08,1.862182404627687760e+01,1.912424949555102671e+01
6.400000000000000355e+00,6.088070916084129821e-14,7.607995593205465940e-08,7.646911610109209048e-08,1.834771263707780520e+01,1.884959031127897333e+01
6.450000000000000178e+00,6.830718556604183828e-14,9.571332204771052860e-08,9.626694660224832708e-08,1.806750951417791384e+01,1.856830978834916834e+01
6.500000000000000000e+00,7.663928713652160411e-14,1.203887187144580930e-07,1.211901270555807661e-07,1.778060740374333193e+01,1.827950027223086238e+01
6.549999999999999822e+00,8.598737655119929144e-14,1.513975902353597628e-07,1.525654059612771282e-07,1.748596705744881774e+01,1.798201580505583053e+01
6.599999999999999645e+00,9.647524645881893973e-14,1.903564356262684510e-07,1.920629232673628819e-07,1.718821076065094644e+01,1.767969611926900342e+01
6.650000000000000355e+00,1.082417487855923221e-13,2.392904818327676073e-07,2.417850649728209246e-07,1.689228072581854434e+01,1.737877450918887234e+01
6.700000000000000178e+00,1.214426204179236072e-13,3.007374278124972058e-07,3.043783029718141464e-07,1.659926320121320487e+01,1.708000473366331562e+01
6.750000000000000000e+00,1.362525285933040027e-13,3.778753401033583249e-07,3.831739588971727651e-07,1.630831422127708663e+01,1.678084188439612490e+01
6.799999999999999822e+00,1.528673620172619344e-13,4.746569321247666078e-07,4.823653692288413895e-07,1.602269045121911972e+01,1.648368581561545909e+01
6.849999999999999645e+00,1.715067966948241057e-13,5.960147106934073101e-07,6.072308556796008940e-07,1.574044316905406760e+01,1.618618768663926488e+01
6.900000000000000355e+00,1.924171687453620112e-13,7.481168022262304808e-07,7.644143352343626371e-07,1.546292698660803921e+01,1.588782476005616218e+01
6.950000000000000178e+00,2.158746900842731591e-13,9.386663197159317437e-07,9.622784562595576516e-07,1.519756567456181529e+01,1.559499874736234659e+01
7.000000000000000000e+00,2.421890468274755416e-13,1.177284186595928715e-06,1.211348983407477132e-06,1.494516606709807860e+01,1.531364455273463676e+01
7.049999999999999822e+00,2.717074246275137527e-13,1.475989710664311083e-06,1.524873981841180542e-06,1.470296398218319212e+01,1.504379044009094457e+01
7.099999999999999645e+00,3.048190099028781936e-13,1.849785766696010244e-06,1.919527417261481861e-06,1.446939341700870330e+01,1.478509740540225437e+01
7.150000000000000355e+00,3.419600210901326762e-13,2.317410548112315060e-06,2.416294411010943036e-06,1.424430273014652926e+01,1.453828515673530575e+01
7.200000000000000178e+00,3.836193296402184813e-13,2.902310285062542029e-06,3.041584970408814237e-06,1.402680304881023687e+01,1.430201705275925406e+01
7.250000000000000000e+00,4.303447364948437041e-13,3.633772892133642074e-06,3.828635045115182964e-06,1.381600748249858412e+01,1.407487128657282227e+01
7.299999999999999822e+00,4.827499762016009316e-13,4.548381724494034219e-06,4.819268877615788966e-06,1.361132831775280749e+01,1.385599578702402823e+01
7.349999999999999645e+00,5.415225276245835419e-13,5.691898800773551537e-06,6.066115583686591060e-06,1.341188222447170375e+01,1.364405938003189789e+01
7.400000000000000355e+00,6.074323173229811604e-13,7.121500580372776139e-06,7.635396724302044499e-06,1.321686976821818149e+01,1.343786220945933962e+01
7.450000000000000178e+00,6.813414090128788753e-13,8.908589252903305694e-06,9.610431492010429328e-06,1.302567764202286327e+01,1.323649358615987381e+01
7.500000000000000000e+00,7.642147799634018066e-13,1.114233715857501121e-05,1.209604362001792930e-05,1.283785924967334324e+01,1.303931669647482039e+01
7.549999999999999822e+00,8.571322925170993284e-13,1.393412727521439428e-05,1.522410107770002620e-05,1.265305400192617924e+01,1.284597248616938003e+01
7.599999999999999645e+00,9.613019759031694328e-13,1.742330929360016715e-05,1.916047845906262504e-05,1.247075403514197234e+01,1.265597254051800036e+01
7.650000000000000355e+00,1.078074739774009955e-12,2.178408401546465313e-05,2.411380563730343204e-05,1.229035338142792710e+01,1.246862592660066582e+01
7.700000000000000178e+00,1.208960645964768919e-12,2.723403839504653863e-05,3.034645842965067608e-05,1.211134738066321859e+01,1.228335545742915258e+01
7.750000000000000000e+00,1.355646868224583593e-12,3.404485581855648578e-05,3.818836224161048786e-05,1.193337363653336070e+01,1.209974727598080335e+01
7.799999999999999822e+00,1.520017470278045306e-12,4.255569834456783708e-05,4.805432359515112692e-05,1.175624517515223033e+01,1.191752212820088630e+01
7.849999999999999645e+00,1.704175129487258456e-12,5.319002390608286007e-05,6.046578404237140956e-05,1.157992085420953288e+01,1.173645715155335978e+01
7.900000000000000355e+00,1.910464925238989701e-12,6.647628087486127056e-05,7.607811481753963025e-05,1.140440342202568758e+01,1.155641366840746542e+01
7.950000000000000178e+00,2.141500296245267948e-12,8.307385571789137118e-05,9.571484924899747234e-05,1.122972355344074202e+01,1.137735996122464854e+01
8.000000000000000000e+00,2.400191247025450045e-12,1.038059195569889577e-04,1.204105963088307040e-04,1.105585905314364936e+01,1.119919026030123632e+01
8.050000000000000711e+00,2.689774848171934210e-12,1.296991392299048603e-04,1.514648085087379041e-04,1.088277943571573303e+01,1.102181057508980189e+01
8.099999999999999645e+00,3.013848024138170898e-12,1.620332882713252255e-04,1.905091096923354846e-04,1.071046158005598414e+01,1.084517505515895408e+01
8.150000000000000355e+00,3.376402551935321006e-12,2.024024377891321940e-04,2.395915462062961929e-04,1.053887458990342907e+01,1.066926721808142275e+01
8.199999999999999289e+00,3.781862098985451067e-12,2.527874398733877454e-04,3.012819360050451498e-04,1.036799099779597100e+01,1.049407292112043422e+01
8.250000000000000000e+00,4.235121001962602329e-12,3.156514056745116873e-04,3.788034872584280350e-04,1.019781271179327575e+01,1.031960527949431849e+01
8.300000000000000711e+00,4.741584322858462261e-12,3.940622597791139468e-04,4.761970795562655819e-04,1.002833694616877125e+01,1.014585452319617076e+01
8.349999999999999645e+00,5.307208504217940057e-12,4.918480633943912153e-04,5.985260916229796519e-04,9.859575576965980304e+00,9.972828991368601237e+00
8.400000000000000355e+00,5.938541671135692498e-12,6.137730792818813733e-04,7.521314707906661757e-04,9.691529770350342687e+00,9.800499520839373702e+00
8.449999999999999289e+00,6.642762279790577704e-12,7.657589107539281752e-04,9.449489286564069068e-04,9.524206146252637950e+00,9.628816348958849858e+00
8.500000000000000000e+00,7.427714375453322606e-12,9.551524611860740498e-04,1.186902776722909610e-03,9.357629427723708204e+00,9.457756036573691460e+00
8.550000000000000711e+00,8.301937179271377364e-12,1.191048163054980432e-03,1.490394050481664992e-03,9.191850823705223661e+00,9.287344834985866271e+00
8.599999999999999645e+00,9.274686052938188830e-12,1.484750148886425716e-03,1.870904273971259147e-03,9.026944432815867003e+00,9.117612952848432428e+00
8.650000000000000355e+00,1.035594107226451272e-11,1.850282343087466174e-03,2.347740544705766673e-03,8.863004526948962791e+00,8.948608650253845553e+00
8.699999999999999289e+00,1.155639845276668027e-11,2.304968858028704631e-03,2.944952607340211789e-03,8.700139566346990705e+00,8.780382245132742014e+00
8.750000000000000000e+00,1.288743889178439211e-11,2.870194789932163475e-03,3.692458234667652956e-03,8.538474730770623466e+00,8.612994954910206502e+00
8.800000000000000711e+00,1.436106550510018456e-11,3.572313694287987916e-03,4.627419488874810229e-03,8.378153615522663245e+00,8.446531767474908747e+00
8.849999999999999645e+00,1.598980243198469953e-11,4.443727885798979052e-03,5.795919144303230026e-03,8.219326713970687592e+00,8.281093812079753036e+00
8.900000000000000355e+00,1.778654336498807707e-11,5.524237440698946504e-03,7.254993425891803974e-03,8.062152600461153895e+00,8.116775278512960767e+00
8.949999999999999289e+00,1.976433725552020860e-11,6.862552182710686052e-03,9.075083762658330000e-03,7.906796184785939374e+00,7.953645179665926435e+00
9.000000000000000000e+00,2.193609631271596572e-11,8.518129211698203390e-03,1.134297569325714780e-02,7.753432994360402120e+00,7.791820861614191074e+00
9.050000000000000711e+00,2.431420925981984195e-11,1.056345555697419877e-02,1.416529621435500680e-02,7.602239339490857617e+00,7.631434573572029478e+00
9.099999999999999645e+00,2.691004081752101820e-11,1.308654238693902731e-02,1.767264002281826799e-02,7.453358736545993679e+00,7.472529543922178163e+00
9.150000000000000355e+00,2.973329682090408224e-11,1.619357832917150616e-02,2.202438786284095437e-02,7.306822355903896948e+00,7.314861394960743723e+00
9.199999999999999289e+00,3.279123364628761048e-11,2.001164966067207895e-02,2.741426326001435501e-02,7.162753002855765772e+00,7.158440798582951459e+00
9.250000000000000000e+00,3.608769128913332509e-11,2.469050573155690681e-02,3.407664294153505552e-02,7.021742469691908184e+00,7.004295854523078901e+00
9.300000000000000711e+00,3.962193225764936268e-11,3.041022049597296231e-02,4.229358559767585485e-02,6.884249481030614959e+00,6.853237132600199288e+00
9.349999999999999645e+00,4.338727442623808672e-11,3.738478804044795961e-02,5.240246639446602406e-02,6.750567399326726559e+00,6.705667763272998627e+00
9.400000000000000355e+00,4.736951638057444428e-11,4.586587729645994621e-02,6.480399261046722315e-02,6.620958418249919930e+00,6.561875315342355464e+00
9.449999999999999289e+00,5.154517007848703502e-11,5.614685444849541740e-02,7.997021989023321564e-02,6.495707940580331297e+00,6.422135254110564517e+00
9.500000000000000000e+00,5.587953952416501624e-11,6.856573666753118523e-02,9.845197987273313078e-02,6.375136265983030626e+00,6.286749634053890645e+00
9.550000000000000711e+00,6.032471730780844030e-11,8.350727927173969001e-02,1.208848610771250665e-01,6.259590811116019893e+00,6.156038698258413433e+00
9.599999999999999645e+00,6.481761473032897621e-11,1.014034574191319399e-01,1.479925531494337976e-01,6.149514438239656045e+00,6.030464053541258806e+00
9.650000000000000355e+00,6.927819649012612092e-11,1.227308755011709829e-01,1.805859759473902593e-01,6.045399627370045437e+00,5.910556034217641752e+00
9.699999999999999289e+00,7.360815674268111462e-11,1.480057996306616552e-01,2.195561904352590354e-01,5.947806538051167990e+00,5.796943238940230003e+00
9.750000000000000000e+00,7.769034642255077718e-11,1.777716182697333669e-01,2.658586718463742393e-01,5.857277809305408312e+00,5.690102028083259711e+00
9.800000000000000711e+00,8.138933488444036120e-11,2.125785235043992638e-01,3.204861932747385955e-01,5.774414850632901164e+00,5.590550278106022120e+00
9.849999999999999645e+00,8.455354971602368920e-11,2.529554732946306395e-01,3.844274378816748272e-01,5.699894188322261357e+00,5.498923692437244881e+00
9.900000000000000355e+00,8.701946788403783774e-11,2.993730766813170185e-01,4.586086968514196949e-01,5.634571229530095593e+00,5.416001303456347671e+00
9.949999999999999289e+00,8.861830275476024118e-11,3.521939738039634449e-01,5.438168317468140556e-01,5.579423018138683688e+00,5.342648613663790513e+00
1.000000000000000000e+01,8.918551213897942114e-11,4.116084058945823076e-01,6.406033273124249749e-01,5.535465339077909164e+00,5.279614471592722680e+00
1.005000000000000071e+01,8.857320690797701702e-11,4.775675175707651543e-01,7.491719635097557894e-01,5.503948408375428869e+00,5.227997553813345633e+00
1.009999999999999964e+01,8.666513801756976300e-11,5.497174945858611661e-01,8.692565289799910611e-01,5.486254905744999633e+00,5.189030164201561490e+00
1.015000000000000036e+01,8.339337133032016324e-11,6.273362706457503712e-01,1.000000000000000000e+00,5.483892106556119472e+00,5.164045980620237231e+00
