# log_age,instantaneous_sfr,integrated_stellar_mass,integrated_formed_mass,g,r
5.500000000000000000e+00,1.406352038986229925e-13,2.218623327073650807e-08,2.223794085578513132e-08,1.980392652561556588e+01,2.030584290768599232e+01
5.549999999999999822e+00,1.577912350644723908e-13,2.793031731742198494e-08,2.799542874743771912e-08,1.955392045028180803e+01,2.005583718557742401e+01
5.599999999999999645e+00,1.770395677874734989e-13,3.516138163015250237e-08,3.524347853104379920e-08,1.930377544677448043e+01,1.980569462430472782e+01
5.650000000000000355e+00,1.986352294359298820e-13,4.426418318721207626e-08,4.436795288354137942e-08,1.905337404942781632e+01,1.955529945015916127e+01
5.700000000000000178e+00,2.228642950107381634e-13,5.572283462989868044e-08,5.585459034028183597e-08,1.880266254590851815e+01,1.930459801053339675e+01
5.750000000000000000e+00,2.500476573076813160e-13,7.014672750082885174e-08,7.031485207957714112e-08,1.855152470185620217e+01,1.905347617176429509e+01
5.799999999999999822e+00,2.805452523950311205e-13,8.830288274068108066e-08,8.851845476072532388e-08,1.829982616525355610e+01,1.880180218129344638e+01
5.849999999999999645e+00,3.147607947444093477e-13,1.111564538322516086e-07,1.114343191550963611e-07,1.804748191131962898e+01,1.854949215934278328e+01
5.900000000000000355e+00,3.531470826681575354e-13,1.399215985777462425e-07,1.402821105042539737e-07,1.779447346989614687e+01,1.829652692118005319e+01
5.950000000000000178e+00,3.962119417210973573e-13,1.761263865435435261e-07,1.765971066770784503e-07,1.754070527070986429e+01,1.804281139476765361e+01
6.000000000000000000e+00,4.445248814817184107e-13,2.216929050831357790e-07,2.223118406147397609e-07,1.728613077599383274e+01,1.778829740011514815e+01
6.049999999999999822e+00,4.987245497029933094e-13,2.790398809979853662e-07,2.798588491342959882e-07,1.703058175548930109e+01,1.753281566953778992e+01
6.099999999999999645e+00,5.595270772830440044e-13,3.512098698179324232e-07,3.522999810830497098e-07,1.677387917022178954e+01,1.727618444869480641e+01
6.150000000000000355e+00,6.277354179171780499e-13,4.420286167120738680e-07,4.434891220479398951e-07,1.651589510204542677e+01,1.701827185888904381e+01
6.200000000000000178e+00,7.042497977193723145e-13,5.563075926100342766e-07,5.582769621083441808e-07,1.625640120162421454e+01,1.675884847223909446e+01
6.250000000000000000e+00,7.900794026016475729e-13,7.000938068375315204e-07,7.027686549248752488e-07,1.599518843207632557e+01,1.649770008626610007e+01
6.299999999999999822e+00,8.863554448227674939e-13,8.809833946556159102e-07,8.846480104073663658e-07,1.573161377351815560e+01,1.623416127556291144e+01
6.349999999999999645e+00,9.943457648975552137e-13,1.108506382248679261e-06,1.113585374104249542e-06,1.546372071136850934e+01,1.596614615467714060e+01
6.400000000000000355e+00,1.115471141006792365e-12,1.394615669922744924e-06,1.401750755804485266e-06,1.518970827578043270e+01,1.569158551224828102e+01
6.450000000000000178e+00,1.251323495146124728e-12,1.754309559372052795e-06,1.764459310872494755e-06,1.490961366356666673e+01,1.541041267338717802e+01
6.500000000000000000e+00,1.403686203438508903e-12,2.206291862989936163e-06,2.220983235209373689e-06,1.462282953543507347e+01,1.512171961717349689e+01
6.549999999999999822e+00,1.574556737187540442e-12,2.774166378082972233e-06,2.795572864768246388e-06,1.432831762308622103e+01,1.482436128859011859e+01
6.599999999999999645e+00,1.766171881169806709e-12,3.487463307274653875e-06,3.518740731744156057e-06,1.403070612122600380e+01,1.452218238313578524e+01
6.650000000000000355e+00,1.981035796050597294e-12,4.383159465525963038e-06,4.428876072756374676e-06,1.373494602049264302e+01,1.422142661379152173e+01
6.700000000000000178e+00,2.221951212221400210e-12,5.507559760869669203e-06,5.574274522470249661e-06,1.344212537664278528e+01,1.392284865008583949e+01
6.750000000000000000e+00,2.492054062186644346e-12,6.918614077750954269e-06,7.015689317053659235e-06,1.315140254951396770e+01,1.362390317690891095e+01
6.799999999999999822e+00,2.794851877031517035e-12,8.688337878035438028e-06,8.829537388459657264e-06,1.286604171694091292e+01,1.332699572087733486e+01
6.849999999999999645e+00,3.134266288354300272e-12,1.090651755415403764e-05,1.111192757957082869e-05,1.258409423650159908e+01,1.302977634171546129e+01
6.900000000000000355e+00,3.514679988847768546e-12,1.368532021831804175e-05,1.398372055711872901e-05,1.230692232963782828e+01,1.273172478381120243e+01
6.950000000000000178e+00,3.940988510501339084e-12,1.716467014090458106e-05,1.759688291343163802e-05,1.204197439528105917e+01,1.243926334805001943e+01
7.000000000000000000e+00,4.418657176617746831e-12,2.151910831381891772e-05,2.214246401012644663e-05,1.179006646079021436e+01,1.215834788330953842e+01
7.049999999999999822e+00,4.953783569206841757e-12,2.696638077898398908e-05,2.786060651442698701e-05,1.154843494679580118e+01,1.188901349138466657e+01
7.099999999999999645e+00,5.553165822630391560e-12,3.377785308984223553e-05,3.505310421068891106e-05,1.131551943400840798e+01,1.163092957778750502e+01
7.150000000000000355e+00,6.224377002281740222e-12,4.229185430984428779e-05,4.409914834712247450e-05,1.109118085178521795e+01,1.138483112428701816e+01
7.200000000000000178e+00,6.975845746848023407e-12,5.293089186258849091e-05,5.547506235514033820e-05,1.087454066744093950e+01,1.114938984507141129e+01
7.250000000000000000e+00,7.816943235857831876e-12,6.622156744984386979e-05,6.977902138649070651e-05,1.066472356047625425e+01,1.092319356321621626e+01
7.299999999999999822e+00,8.758076380211088524e-12,8.282001467346693290e-05,8.776199638379854990e-05,1.046115652114126249e+01,1.070540449093932267e+01
7.349999999999999645e+00,9.810786909149816209e-12,1.035447180061392007e-04,1.103664627001440347e-04,1.026296974939620554e+01,1.049470328663548457e+01
7.400000000000000355e+00,1.098785572657258621e-11,1.294151101009361198e-04,1.387747830044829033e-04,1.006937926341857548e+01,1.028990378934130945e+01
7.450000000000000178e+00,1.230341151307722186e-11,1.616997647117884786e-04,1.744696279918605121e-04,9.879789953705099492e+00,1.009011214021631275e+01
7.500000000000000000e+00,1.377304203383850765e-11,2.019766887780525568e-04,2.193093534014833130e-04,9.693776886891569688e+00,9.894712368777916822e+00
7.549999999999999822e+00,1.541390594783168111e-11,2.522081786766138911e-04,2.756219277816731933e-04,9.511004015674821233e+00,9.703371205474013550e+00
7.599999999999999645e+00,1.724484206710659451e-11,3.148371707978430399e-04,3.463218247288378147e-04,9.330988056604695657e+00,9.515626424217863644e+00
7.650000000000000355e+00,1.928647194609929353e-11,3.929006143759029715e-04,4.350552806821881050e-04,9.153147839775975569e+00,9.330812047495925299e+00
7.700000000000000178e+00,2.156129034458747726e-11,4.901680109827723361e-04,5.463805012490539383e-04,8.977007165456278415e+00,9.148379577820669795e+00
7.750000000000000000e+00,2.409373645221628934e-11,6.113127502777614998e-04,6.859908022946039447e-04,8.802237242273982076e+00,8.967949242375112817e+00
7.799999999999999822e+00,2.691023673083590541e-11,7.621225590737147918e-04,8.609903217516248633e-04,8.628691962051391329e+00,8.789281870445364575e+00
7.849999999999999645e+00,3.003920776330806652e-11,9.497591992419267748e-04,1.080233854057844082e-03,8.456379170523767641e+00,8.612199869674597608e+00
7.900000000000000355e+00,3.351100453426920487e-11,1.183070188777807230e-03,1.354744550352751827e-03,8.285357403811985932e+00,8.436616924408518514e+00
7.950000000000000178e+00,3.735779605580262025e-11,1.472970435118084020e-03,1.698225684384110402e-03,8.115720476938818706e+00,8.262562807303211798e+00
8.000000000000000000e+00,4.161334615006105626e-11,1.832913704115520046e-03,2.127685366464413322e-03,7.947514597410574311e+00,8.089997059900412069e+00
8.050000000000000711e+00,4.631267250064692737e-11,2.279439307484615318e-03,2.664195909104557971e-03,7.780785278539113392e+00,7.918898692608991041e+00
8.099999999999999645e+00,5.149155182137664002e-11,2.832830643106555579e-03,3.333812352384646436e-03,7.615594538523573931e+00,7.749305271200412903e+00
8.150000000000000355e+00,5.718583327565149315e-11,3.517890119539322097e-03,4.168677189641424932e-03,7.452006031369201366e+00,7.581294753060184632e+00
8.199999999999999289e+00,6.343051633408146823e-11,4.364790373846780258e-03,5.208340200715859403e-03,7.290097991416409684e+00,7.414958386411356628e+00
8.250000000000000000e+00,7.025854346475863000e-11,5.410168407179286737e-03,6.501322917679392029e-03,7.129992392225503295e+00,7.250428737998973361e+00
8.300000000000000711e+00,7.769925301574475193e-11,6.698470469128156232e-03,8.106955782315397249e-03,6.971820043823690582e+00,7.087827417606028746e+00
8.349999999999999645e+00,8.577643428112447505e-11,8.283560359973537665e-03,1.009751134788408264e-02,6.815743251653714196e+00,6.927310868898580054e+00
8.400000000000000355e+00,9.450592634326024959e-11,1.023025224791383053e-02,1.256064736935768797e-02,6.661929795051790393e+00,6.769010873040095078e+00
8.449999999999999289e+00,1.038927066548356845e-10,1.261605933343916408e-02,1.560215727650716630e-02,6.510572609881670303e+00,6.613054060900367404e+00
8.500000000000000000e+00,1.139274268637144287e-10,1.553298103733738618e-02,1.934899975627810131e-02,6.361906362745955335e+00,6.459616111469863142e+00
8.550000000000000711e+00,1.245823751688036059e-10,1.908920272300181770e-02,2.395254086240918706e-02,6.216220149424216856e+00,6.308951435631499294e+00
8.599999999999999645e+00,1.358068803046978749e-10,2.341190331626745794e-02,2.959188763909568337e-02,6.073857128099710678e+00,6.161344001771730916e+00
8.650000000000000355e+00,1.475222264772508537e-10,2.864900136916562201e-02,3.647711789965712992e-02,5.935215481847272656e+00,6.017126881634993651e+00
8.699999999999999289e+00,1.596162259297317756e-10,3.496971551765366143e-02,4.485211304923811954e-02,5.800745689708918462e+00,5.876666207410814025e+00
8.750000000000000000e+00,1.719377007653398079e-10,4.256524216693104157e-02,5.499657738893590220e-02,5.670958503194214018e+00,5.740375150984149855e+00
8.800000000000000711e+00,1.842912613393715406e-10,5.164803103515177435e-02,6.722667852347899431e-02,5.546432565636401080e+00,5.608733982005794871e+00
8.849999999999999645e+00,1.964329351653102699e-10,6.244912674331314778e-02,8.189357439670559569e-02,5.427805238404147303e+00,5.482284731661252408e+00
8.900000000000000355e+00,2.080673927040839159e-10,7.521409884679061686e-02,9.937891581971733390e-02,5.315779732650142364e+00,5.361603397733659904e+00
8.949999999999999289e+00,2.188477209112637040e-10,9.019432410848424175e-02,1.200862531262152089e-01,5.211128385988125444e+00,5.247275525315259870e+00
9.000000000000000000e+00,2.283788858396205947e-10,1.076353383477700737e-01,1.444271710693524058e-01,5.114704615824479106e+00,5.140003117783734865e+00
9.050000000000000711e+00,2.362261592779465224e-10,1.277629764471935880e-01,1.728009853975573662e-01,5.027433042863009405e+00,5.040558874569988745e+00
9.099999999999999645e+00,2.419297991284504010e-10,1.507619414839421745e-01,2.055670361702241489e-01,4.950253839255303490e+00,4.949610140855178031e+00
9.150000000000000355e+00,2.450270870753670732e-10,1.767460593290357818e-01,2.430091023062841971e-01,4.883969344410324709e+00,4.867341414149947809e+00
9.199999999999999289e+00,2.450823443218560323e-10,2.057196537895629174e-01,2.852923398924731013e-01,4.829606258159948595e+00,4.794402106093471616e+00
9.250000000000000000e+00,2.417246728440753910e-10,2.375188496348986378e-01,3.324144947705494624e-01,4.789215846008538335e+00,4.733484603873591823e+00
9.300000000000000711e+00,2.346918430930576156e-10,2.718540587436493183e-01,3.841549782402791102e-01,4.764703684825015273e+00,4.686988580540777605e+00
9.349999999999999645e+00,2.238769834321054809e-10,3.082709259290632997e-01,4.400276237111785393e-01,4.757700651619877874e+00,4.656529423471795326e+00
9.400000000000000355e+00,2.093726710656084705e-10,3.461271684271993720e-01,4.992452726139127717e-01,4.769800977110286055e+00,4.643471756624087732e+00
9.449999999999999289e+00,1.915050222378355468e-10,3.845952852804591648e-01,5.607062311213963923e-01,4.802645647738870593e+00,4.649093575656586097e+00
9.500000000000000000e+00,1.708490018199295167e-10,4.226814420493982816e-01,6.230132943516585309e-01,4.857884311010714384e+00,4.674602525360121774e+00
9.550000000000000711e+00,1.482161828096296100e-10,4.592800096314633151e-01,6.845344778057231849e-01,4.937039053787003695e+00,4.720996355926402543e+00
9.599999999999999645e+00,1.246083911136680628e-10,4.932615956963038450e-01,7.435099277470286205e-01,5.041661293144528599e+00,4.789438351741225119e+00
9.650000000000000355e+00,1.011356204137664481e-10,5.235803827014967604e-01,7.982013108087124831e-01,5.172924309752708893e+00,4.880840929998278455e+00
9.699999999999999289e+00,7.890416677586533349e-11,5.494131887282164284e-01,8.470689779502031946e-01,5.331397754897167829e+00,4.995801190092997501e+00
9.750000000000000000e+00,5.888988523788439511e-11,5.702423674925705122e-01,8.889505642760340276e-01,5.515788832034814959e+00,5.132435762631565979e+00
9.800000000000000711e+00,4.181932169559595162e-11,5.859046312471453133e-01,9.232061998140801418e-01,5.722780582952211148e+00,5.287240528915340576e+00
9.849999999999999645e+00,2.808488307931194424e-11,5.966135642609829981e-01,9.497947041971414039e-01,5.946494995182078469e+00,5.455504508901640293e+00
9.900000000000000355e+00,1.771616882004027246e-11,6.029305895886230005e-01,9.692554893342527622e-01,6.180033216378809868e+00,5.631883459516046742e+00
9.949999999999999289e+00,1.041717216152780607e-11,6.056433800525841127e-01,9.825923763590911353e-01,6.414727810127345720e+00,5.809671308832790260e+00
1.000000000000000000e+01,5.660946603795971496e-12,6.055845318905769270e-01,9.910828600763816887e-01,6.639577844049121325e+00,5.978562251139202033e+00
1.005000000000000071e+01,2.815849565016573535e-12,6.035745217811167018e-01,9.960595521929502816e-01,6.849937558913104851e+00,6.137371254799852238e+00
1.009999999999999964e+01,1.268303549932608395e-12,6.003735491446247075e-01,9.987188615460503849e-01,7.043983367514911720e+00,6.286673428626087912e+00
1.015000000000000036e+01,5.110583993747433744e-13,5.965882338894303860e-01,1.000000000000000000e+00,7.222642267380116721e+00,6.427946290108891958e+00
