# log_age,instantaneous_sfr,integrated_stellar_mass,integrated_formed_mass,g,r
5.500000000000000000e+00,3.363314609928959146e-10,1.061156374945048265e-04,1.063629522722671806e-04,1.060468699432719575e+01,1.110660337639761508e+01
5.549999999999999822e+00,3.363271351677051022e-10,1.190619738596039384e-04,1.193404278445334078e-04,1.047935665860075005e+01,1.098127786485852653e+01
5.599999999999999645e+00,3.363222815782462941e-10,1.335859130092896746e-04,1.339011962210633685e-04,1.035328125332588201e+01,1.085521889066389178e+01
5.650000000000000355e+00,3.363168358446878871e-10,1.498777683396050218e-04,1.502383968961633624e-04,1.022663023650458314e+01,1.072859027105681662e+01
5.700000000000000178e+00,3.363107257361108947e-10,1.681520116672171586e-04,1.685687226273783351e-04,1.009933877786266265e+01,1.060132863809074877e+01
5.750000000000000000e+00,3.363038702136798187e-10,1.886517260043769440e-04,1.891352899204490551e-04,9.971023774956208285e+00,1.047306121800697554e+01
5.799999999999999822e+00,3.362961783573623118e-10,2.116474392073337796e-04,2.122108588729707391e-04,9.841618014094336786e+00,1.034372086051395456e+01
5.849999999999999645e+00,3.362875481620612152e-10,2.374385405843521836e-04,2.381014447763088037e-04,9.711445043458134307e+00,1.021362149128643182e+01
5.900000000000000355e+00,3.362778651873253406e-10,2.663645868246406379e-04,2.671503689839050777e-04,9.580330853068794283e+00,1.008259012801905641e+01
5.950000000000000178e+00,3.362670010428930757e-10,2.988050031517579578e-04,2.997428022806590932e-04,9.448190381131055915e+00,9.950539172506395857e+00
6.000000000000000000e+00,3.362548116901911995e-10,3.351841652855469490e-04,3.363108603862553889e-04,9.314835823318496466e+00,9.817275401624726783e+00
6.049999999999999822e+00,3.362411355375255976e-10,3.759822190132391505e-04,3.773393183831896315e-04,9.179651993876895233e+00,9.682182677645336355e+00
6.099999999999999645e+00,3.362257913040335868e-10,4.217262527106528398e-04,4.233720188591539690e-04,9.042769923293235479e+00,9.545377850686655563e+00
6.150000000000000355e+00,3.362085756244888758e-10,4.730100667899639127e-04,4.750190574934287191e-04,8.903857672578482152e+00,9.406533745575330840e+00
6.200000000000000178e+00,3.361892603637229642e-10,5.304955335288201587e-04,5.329648397909720345e-04,8.762546866904749265e+00,9.265281246696972062e+00
6.250000000000000000e+00,3.361675896057175422e-10,5.949109062921867320e-04,5.979771138074227660e-04,8.618529634447519072e+00,9.121281105117759580e+00
6.299999999999999822e+00,3.361432762782788540e-10,6.670545086083074209e-04,6.709170961234686009e-04,8.466761601428387962e+00,8.969314037199836775e+00
6.349999999999999645e+00,3.361159983696005328e-10,7.477769204247459870e-04,7.527508221582534251e-04,8.301555919105133796e+00,8.802722975424856600e+00
6.400000000000000355e+00,3.360853946878800272e-10,8.381172562037577387e-04,8.445618673199099770e-04,8.127643118382003706e+00,8.626539129221605151e+00
6.450000000000000178e+00,3.360510601094509975e-10,9.389937163292245070e-04,9.475656026068789324e-04,7.949029121685008192e+00,8.444106314947191549e+00
6.500000000000000000e+00,3.360125402545509822e-10,1.051686960926721467e-03,1.063125167307015298e-03,7.757408857199422414e+00,8.248027936784026792e+00
6.549999999999999822e+00,3.359693255228082574e-10,1.177766535968189114e-03,1.192769362535114766e-03,7.565344567282529908e+00,8.047613372532694598e+00
6.599999999999999645e+00,3.359208444127454553e-10,1.318594251516128210e-03,1.338212692723651743e-03,7.391852758063777173e+00,7.865518158403105531e+00
6.650000000000000355e+00,3.358664560409798414e-10,1.475854294399331921e-03,1.501377808020408315e-03,7.232505062181822098e+00,7.700234302154200350e+00
6.700000000000000178e+00,3.358054417673012148e-10,1.651472825495377749e-03,1.684420629056301898e-03,7.071435182314829149e+00,7.527400835824423098e+00
6.750000000000000000e+00,3.357369958213435860e-10,1.847219057274931530e-03,1.889758466929090290e-03,6.920468112523110449e+00,7.356629788267781578e+00
6.799999999999999822e+00,3.356602148150846873e-10,2.064885741635643333e-03,2.120101485705856281e-03,6.778049491272618354e+00,7.189565426254674207e+00
6.849999999999999645e+00,3.355740860128394499e-10,2.306978489082589859e-03,2.378487892441582315e-03,6.631158944372948838e+00,7.010866296044937940e+00
6.900000000000000355e+00,3.354774742167115916e-10,2.576262395198216770e-03,2.668323280825100809e-03,6.512772365370899763e+00,6.843545197899047139e+00
6.950000000000000178e+00,3.353691071105954785e-10,2.875705490184521981e-03,2.993424599173444972e-03,6.428637901054912618e+00,6.710642267447880727e+00
7.000000000000000000e+00,3.352475588897607596e-10,3.208708353484650191e-03,3.358069261677636575e-03,6.351414487957605104e+00,6.600965778931197292e+00
7.049999999999999822e+00,3.351112319858228808e-10,3.578999560202397300e-03,3.767049973491349343e-03,6.274994727205360334e+00,6.500682944321752643e+00
7.099999999999999645e+00,3.349583366785531313e-10,3.990643939609585765e-03,4.225735895300601445e-03,6.206274576417754929e+00,6.416174571528763693e+00
7.150000000000000355e+00,3.347868683666349493e-10,4.448531307771497016e-03,4.740140831055064501e-03,6.145608356257376670e+00,6.344890826699220554e+00
7.200000000000000178e+00,3.345945822493041718e-10,4.958093326567525848e-03,5.316999183047439390e-03,6.088623604781894016e+00,6.278390453350482403e+00
7.250000000000000000e+00,3.343789651501186278e-10,5.524984587861173947e-03,5.963850480604164679e-03,6.036110344545519979e+00,6.218077966759061326e+00
7.299999999999999822e+00,3.341372041932966099e-10,6.155862121295055389e-03,6.689133351070021029e-03,5.986920828107002990e+00,6.162387267268705671e+00
7.349999999999999645e+00,3.338661520227310345e-10,6.858167257561024674e-03,7.502289862766904453e-03,5.938860133491942861e+00,6.107897103216892276e+00
7.400000000000000355e+00,3.335622882347251251e-10,7.639758608524600467e-03,8.413881226784521508e-03,5.891956257084480342e+00,6.054578500918680106e+00
7.450000000000000178e+00,3.332216766787875889e-10,8.509405123228255124e-03,9.435715894597072537e-03,5.846374670763310633e+00,6.002553468138202675e+00
7.500000000000000000e+00,3.328399182678789539e-10,9.476811525278655557e-03,1.058099112732309964e-02,5.802434972414395986e+00,5.952755775085556422e+00
7.549999999999999822e+00,3.324120989321923304e-10,1.055329717348871266e-02,1.186444913438293620e-02,5.759432378942676678e+00,5.905220042208910058e+00
7.599999999999999645e+00,3.319327323512767855e-10,1.175170346464415004e-02,1.330254887712958335e-02,5.715702711848649642e+00,5.857856006439405405e+00
7.650000000000000355e+00,3.313956971111598959e-10,1.308559415374366437e-02,1.491365459748021129e-02,5.670592545469062884e+00,5.809553048532094977e+00
7.700000000000000178e+00,3.307941679600316970e-10,1.456975027996193842e-02,1.671824205086478929e-02,5.624361107117891834e+00,5.760654620768377754e+00
7.750000000000000000e+00,3.301205408829623850e-10,1.622042795988443142e-02,1.873912328207273312e-02,5.577572977775510310e+00,5.711597805292690566e+00
7.799999999999999822e+00,3.293663517892607301e-10,1.805577175435508011e-02,2.100169056317782376e-02,5.531128840851344819e+00,5.662610620124695515e+00
7.849999999999999645e+00,3.285221887131520232e-10,2.009583851301340734e-02,2.353417979150390638e-02,5.485535105640380493e+00,5.613752517248798313e+00
7.900000000000000355e+00,3.275775975789954065e-10,2.236241789998497792e-02,2.636795319397365958e-02,5.441032753948711331e+00,5.565662874634405455e+00
7.950000000000000178e+00,3.265209817879141854e-10,2.488018908310794114e-02,2.953780056721736977e-02,5.397559473443678257e+00,5.518353465018307702e+00
8.000000000000000000e+00,3.253394961576088268e-10,2.767628210030535427e-02,3.308225745813347940e-02,5.354831118716397498e+00,5.471358202920853842e+00
8.050000000000000711e+00,3.240189361082026582e-10,3.077949971138639260e-02,3.704393760635200927e-02,5.312894922804460407e+00,5.424887408877673067e+00
8.099999999999999645e+00,3.225436234543212832e-10,3.422155374378417492e-02,4.146987556799594521e-02,5.271738240667140474e+00,5.379180261989617406e+00
8.150000000000000355e+00,3.208962907607145457e-10,3.803457160828995626e-02,4.641187364881640270e-02,5.231287910483978010e+00,5.334282296485334030e+00
8.199999999999999289e+00,3.190579669725611304e-10,4.225247484765090600e-02,5.192684501327653190e-02,5.191689973211786935e+00,5.290331189316383131e+00
8.250000000000000000e+00,3.170078679724621327e-10,4.691573450376684135e-02,5.807714201357361966e-02,5.153042375251018825e+00,5.247351319777614265e+00
8.300000000000000711e+00,3.147232968770948259e-10,5.207398464613722383e-02,6.493085529967543290e-02,5.115393106914147836e+00,5.205346554589517893e+00
8.349999999999999645e+00,3.121795603021960705e-10,5.778015339463168226e-02,7.256206502437179129e-02,5.078809145554693316e+00,5.164329904309120423e+00
8.400000000000000355e+00,3.093499085290290947e-10,6.408556771403790819e-02,8.105102034387259846e-02,5.043268903801362057e+00,5.124023023066087035e+00
8.449999999999999289e+00,3.062055095287957638e-10,7.104442932568950930e-02,9.048421734457257060e-02,5.008905622980812211e+00,5.084420226006230337e+00
8.500000000000000000e+00,3.027154691642862423e-10,7.870636040773681952e-02,1.009543384381012127e-01,4.975942116706185914e+00,5.045855473914002687e+00
8.550000000000000711e+00,2.988469125940618146e-10,8.713222321684999105e-02,1.125600081487744819e-01,4.944650865147799834e+00,5.008564581884670019e+00
8.599999999999999645e+00,2.945651449291684522e-10,9.639814105841644498e-02,1.254053111434545176e-01,4.915310149908897586e+00,4.972670689489255835e+00
8.650000000000000355e+00,2.898339124681796825e-10,1.065670995498014251e-01,1.395990085264208480e-01,4.888196028532497905e+00,4.938359204082487963e+00
8.699999999999999289e+00,2.846157892324260301e-10,1.176971148589792682e-01,1.552533782336817936e-01,4.863590613011027131e+00,4.905748056152638981e+00
8.750000000000000000e+00,2.788727168197926809e-10,1.298501189833322356e-01,1.724825954715818732e-01,4.841845241316306669e+00,4.875095923168615286e+00
8.800000000000000711e+00,2.725667284520171305e-10,1.430807892628215283e-01,1.914005605749085070e-01,4.823292702792670639e+00,4.846714433398226163e+00
8.849999999999999645e+00,2.656608900086888345e-10,1.574429289089762374e-01,2.121180759048934827e-01,4.808243129634703905e+00,4.820843655769259328e+00
8.900000000000000355e+00,2.581204911246776657e-10,1.729826764960064045e-01,2.347392725569270033e-01,4.797031081478095871e+00,4.797449825645983879e+00
8.949999999999999289e+00,2.499145171428385914e-10,1.897256827471635876e-01,2.593571945024441550e-01,4.790027528596660034e+00,4.776776483263482476e+00
9.000000000000000000e+00,2.410174266609663318e-10,2.076941653074469984e-01,2.860484659480608816e-01,4.787614787468022826e+00,4.759359058977523205e+00
9.050000000000000711e+00,2.314112481212384426e-10,2.269008650245613323e-01,3.148670015672445643e-01,4.790091099832515908e+00,4.745361826549292061e+00
9.099999999999999645e+00,2.210879906631286981e-10,2.473113196948746317e-01,3.458367739415738051e-01,4.797056202051017237e+00,4.733110086245112313e+00
9.150000000000000355e+00,2.100523374879135307e-10,2.688582768403123824e-01,3.789437334672193791e-01,4.807857939327178087e+00,4.720884521228938979e+00
9.199999999999999289e+00,1.983245525788812431e-10,2.913037498117385660e-01,4.141270881943162063e-01,4.826033361692225299e+00,4.715521684098511912e+00
9.250000000000000000e+00,1.859434826204405832e-10,3.145094671609357517e-01,4.512702980696382538e-01,4.854477095227004213e+00,4.722518396201287771e+00
9.300000000000000711e+00,1.729694753183560319e-10,3.384787266569733166e-01,4.901923199758919103e-01,4.891742950670426637e+00,4.738859072925421856e+00
9.349999999999999645e+00,1.594869649579199353e-10,3.630261958431367231e-01,5.306398510572001292e-01,4.937555754284765897e+00,4.763100741360545953e+00
9.400000000000000355e+00,1.456064008730469677e-10,3.879224626695281786e-01,5.722815433118191297e-01,4.992352064115614496e+00,4.795273585603993638e+00
9.449999999999999289e+00,1.314651236327584222e-10,4.128769567726824907e-01,6.147053750326846311e-01,5.056841369954490517e+00,4.835805066765317406e+00
9.500000000000000000e+00,1.172267414654740126e-10,4.375430667570744392e-01,6.574205215345378939e-01,5.131501733598362591e+00,4.884911780869536813e+00
9.550000000000000711e+00,1.030785456315412578e-10,4.615544894545687837e-01,6.998651090363361416e-01,5.217269888561823166e+00,4.943586379195480163e+00
9.599999999999999645e+00,8.922655277701077559e-11,4.845238201492109154e-01,7.414210875999276418e-01,5.315206872231023283e+00,5.013110194150975474e+00
9.650000000000000355e+00,7.588790117121286026e-11,5.060886234623769298e-01,7.814370424173213703e-01,5.426109124967425146e+00,5.094820175762862391e+00
9.699999999999999289e+00,6.328057828413789529e-11,5.259177692523169245e-01,8.192590110785461510e-01,5.549860151663665420e+00,5.188049199434203729e+00
9.750000000000000000e+00,5.161082772151253103e-11,5.436734581963961199e-01,8.542682627664223149e-01,5.685492066223851282e+00,5.290480841827736924e+00
9.800000000000000711e+00,4.105905621177203014e-11,5.590651148054022190e-01,8.859235772956438604e-01,5.832281882673193252e+00,5.402097155481158097e+00
9.849999999999999645e+00,3.176557933558633872e-11,5.719013966780475133e-01,9.138040079242009117e-01,5.990052060594869943e+00,5.522832083124349367e+00
9.900000000000000355e+00,2.381800462655701153e-11,5.821044371247224847e-01,9.376467320512889003e-01,6.159453871306808992e+00,5.652976360707803849e+00
9.949999999999999289e+00,1.724230769955940773e-11,5.896536432618465495e-01,9.573738228322816735e-01,6.337164430323852571e+00,5.787597125937161024e+00
1.000000000000000000e+01,1.199955109901616391e-11,5.946244753178349107e-01,9.731020926339114530e-01,6.521309360160444157e+00,5.924923051833168586e+00
1.005000000000000071e+01,7.989602905974885369e-12,5.972729035703107092e-01,9.851319372130352692e-01,6.711596123564191885e+00,6.067358496835431936e+00
1.009999999999999964e+01,5.062115782270830976e-12,5.979713841256232287e-01,9.939143985841474294e-01,6.904542896976529676e+00,6.212608888200954027e+00
1.015000000000000036e+01,3.033581976986616023e-12,5.971431793594051962e-01,1.000000000000000000e+00,7.095667542780411452e+00,6.357596433334393282e+00
