# log_age,instantaneous_sfr,integrated_stellar_mass,integrated_formed_mass,g,r
5.500000000000000000e+00,1.635930501129084119e-14,2.580673167631158418e-09,2.586687725202496695e-09,2.213980294723162245e+01,2.264171932930204889e+01
5.549999999999999822e+00,1.835530047153473738e-14,3.248856486353244160e-09,3.256430251303108667e-09,2.188978382183923088e+01,2.239170055691594996e+01
5.599999999999999645e+00,2.059480753712869098e-14,4.090029369576294593e-09,4.099579014064753905e-09,2.163962421893493371e+01,2.214154339635892654e+01
5.650000000000000355e+00,2.310752962214486732e-14,5.148959988683557077e-09,5.161030814677312215e-09,2.138920649543843666e+01,2.189113189496182343e+01
5.700000000000000178e+00,2.592679204691974568e-14,6.481979123629001194e-09,6.497305630884617084e-09,2.113847656410646181e+01,2.164041202792800078e+01
5.750000000000000000e+00,2.908998334101651868e-14,8.159999149129287028e-09,8.179556602473665819e-09,2.088731823996994308e+01,2.138926970639512604e+01
5.799999999999999822e+00,3.263905022854377784e-14,1.027227997542634089e-08,1.029735730614934594e-08,2.063559689148178222e+01,2.113757289897137071e+01
5.849999999999999645e+00,3.662105280342898196e-14,1.293114726738199114e-08,1.296347182114418057e-08,2.038322692300732797e+01,2.088523715808106829e+01
5.900000000000000355e+00,4.108878718525826808e-14,1.627791615493453683e-08,1.631985610373438828e-08,2.013018969476098619e+01,2.063224312761616375e+01
5.950000000000000178e+00,4.610148382199552932e-14,2.049045371825011650e-08,2.054521603744672676e-08,1.987638938797140042e+01,2.037849548505062813e+01
6.000000000000000000e+00,5.172559058485765985e-14,2.579251237149702186e-08,2.586451955031837375e-08,1.962177908067674537e+01,2.012394566639284221e+01
6.049999999999999822e+00,5.803565089451343622e-14,3.246568932115054130e-08,3.256097116812540271e-08,1.936618997809359399e+01,1.986842384154005003e+01
6.099999999999999645e+00,6.511528833945772180e-14,4.086425395035899495e-08,4.099108590274032248e-08,1.910944247262292350e+01,1.961174768857900119e+01
6.150000000000000355e+00,7.305831061100334863e-14,5.143373002238368851e-08,5.160366263292385140e-08,1.885140841217145891e+01,1.935378509363579980e+01
6.200000000000000178e+00,8.196994710030220633e-14,6.473452019302108335e-08,6.496366936988309082e-08,1.859185872702652631e+01,1.909430590975721032e+01
6.250000000000000000e+00,9.196823619803776253e-14,8.147105568953326182e-08,8.178230556645392402e-08,1.833058388638485781e+01,1.883309544239853039e+01
6.299999999999999822e+00,1.031855802252471405e-13,1.025284027630351970e-07,1.029548441418983220e-07,1.806694029609350594e+01,1.856948770351982603e+01
6.349999999999999645e+00,1.157704880239769372e-13,1.290172041268685108e-07,1.296082625118222813e-07,1.779897181922403604e+01,1.830139726150569146e+01
6.400000000000000355e+00,1.298895275704282543e-13,1.623308158084848386e-07,1.631611925965937029e-07,1.752487765068574532e+01,1.802675523894255605e+01
6.450000000000000178e+00,1.457295135636179499e-13,2.042180883091618485e-07,2.053993779650260822e-07,1.724469385766155227e+01,1.774549390220733613e+01
6.500000000000000000e+00,1.634999578133632899e-13,2.568606679502402286e-07,2.585706405596574959e-07,1.695781264939279964e+01,1.745670500823924698e+01
6.549999999999999822e+00,1.834358134275922861e-13,3.230126659448576933e-07,3.255044042933854626e-07,1.666319537970947806e+01,1.715924323691098152e+01
6.599999999999999645e+00,2.058005473063617690e-13,4.061210861585331829e-07,4.097621135013563395e-07,1.636546444431350977e+01,1.685694819340392314e+01
6.650000000000000355e+00,2.308895793144069079e-13,5.105041074196123871e-07,5.158265294938699608e-07,1.606956461796526270e+01,1.655605609877161299e+01
6.700000000000000178e+00,2.590341307509423775e-13,6.415719797678254397e-07,6.493399395134782615e-07,1.577658149539145427e+01,1.625731980577096181e+01
6.750000000000000000e+00,2.906055293886039150e-13,8.060994082487273820e-07,8.174039037539846547e-07,1.548567270564274878e+01,1.595819561596193381e+01
6.799999999999999822e+00,3.260200234337233850e-13,1.012511142895605011e-06,1.028956414009522436e-06,1.520009522234528987e+01,1.566108328753661993e+01
6.849999999999999645e+00,3.657441622837649655e-13,1.271318638444931651e-06,1.295246426643941724e-06,1.491790092319144634e+01,1.536363444105423071e+01
6.900000000000000355e+00,4.103008079336427720e-13,1.595664192051522627e-06,1.630430866293765042e-06,1.464044546257994739e+01,1.506532640347300855e+01
6.950000000000000178e+00,4.602758473094508273e-13,2.001957470135428864e-06,2.052325647206298891e-06,1.437515709536587849e+01,1.477256473953114835e+01
7.000000000000000000e+00,5.163256826700701049e-13,2.510689012245253632e-06,2.583350359830328756e-06,1.412284423723269811e+01,1.449128795496262256e+01
7.049999999999999822e+00,5.791855844785178918e-13,3.147451120271650742e-06,3.251716440295457434e-06,1.388074290911530539e+01,1.422152563754714549e+01
7.099999999999999645e+00,6.496789987436773816e-13,3.944179901163043793e-06,4.092921406043432630e-06,1.364728796847590786e+01,1.396294010961000254e+01
7.150000000000000355e+00,7.287279086715723225e-13,4.940750363747386113e-06,5.151627756906267060e-06,1.342233004794303497e+01,1.371625387770178861e+01
7.200000000000000178e+00,8.173643583997567387e-13,6.187039011556255395e-06,6.484025218503844722e-06,1.320498208046890198e+01,1.348013172149335759e+01
7.250000000000000000e+00,9.167432544142988641e-13,7.745324799352345429e-06,8.160800188670747722e-06,1.299435920369467823e+01,1.325315352502403243e+01
7.299999999999999822e+00,1.028156567683645416e-12,9.693365904810718317e-06,1.027086777282112113e-05,1.278987638152851503e+01,1.303446983027005501e+01
7.349999999999999645e+00,1.153049066204699306e-12,1.212838240443483020e-05,1.292606128896077165e-05,1.259065258580629632e+01,1.282275147351358413e+01
7.400000000000000355e+00,1.293035713032725176e-12,1.517177703792893063e-05,1.626702351745688781e-05,1.239589117661029150e+01,1.261680105864428469e+01
7.450000000000000178e+00,1.449920868285007206e-12,1.897506402990172214e-05,2.047060573088406308e-05,1.220498201327318100e+01,1.241571084583118534e+01
7.500000000000000000e+00,1.625719434190125780e-12,2.372733362163740131e-05,2.575915768146548517e-05,1.201748237988416435e+01,1.221884774036321630e+01
7.549999999999999822e+00,1.822680078864109716e-12,2.966458980901236616e-05,3.241218797551331592e-05,1.183303599231635417e+01,1.202585721918543271e+01
7.599999999999999645e+00,2.043310665673911077e-12,3.708183925200523223e-05,4.078099423866561222e-05,1.165113935622594710e+01,1.183625551767903517e+01
7.650000000000000355e+00,2.290405998939465441e-12,4.634751029246756489e-05,5.130701181024391295e-05,1.147119088129325348e+01,1.164935611431118900e+01
7.700000000000000178e+00,2.567077970975770405e-12,5.792128502488255796e-05,6.454481532469891994e-05,1.129269097713815739e+01,1.146458692151897907e+01
7.750000000000000000e+00,2.876788157126311273e-12,7.237642160498993296e-05,8.119093786954598190e-05,1.111528320237606238e+01,1.128154012634164616e+01
7.799999999999999822e+00,3.223382850787558311e-12,9.042756490718103081e-05,1.021199576725316923e-04,1.093878783529751075e+01,1.109994358716983243e+01
7.849999999999999645e+00,3.611130454873071682e-12,1.129655894565319117e-04,1.284296548043330970e-04,1.076317240995157221e+01,1.091958247258313008e+01
7.900000000000000355e+00,4.044761044038304170e-12,1.411003002432707439e-04,1.614974749632541132e-04,1.058844957802516262e+01,1.074032740713120404e+01
7.950000000000000178e+00,4.529507776326625320e-12,1.762137628775588554e-04,2.030510715716422941e-04,1.041466120701605291e+01,1.056215758127363102e+01
8.000000000000000000e+00,5.071149655243404658e-12,2.200275431323267647e-04,2.552563518174197441e-04,1.024179725585055678e+01,1.038497884528922555e+01
8.050000000000000711e+00,5.676054913419342024e-12,2.746834619996713881e-04,3.208272508798184759e-04,1.006984076142200024e+01,1.020871021004142420e+01
8.099999999999999645e+00,6.351223994820183654e-12,3.428439028112517661e-04,4.031624287795963963e-04,9.898783750465781850e+00,1.003332068053708781e+01
8.150000000000000355e+00,7.104330739553484254e-12,4.278146340509795197e-04,5.065152567355689188e-04,9.728612184930682361e+00,9.858810615857976245e+00
8.199999999999999289e+00,7.943759907053635264e-12,5.336886992430562963e-04,6.362048679181640104e-04,9.559317457347844993e+00,9.685184688190602742e+00
8.250000000000000000e+00,8.878638590799651548e-12,6.655351662783073972e-04,7.988777257748254671e-04,9.390922929144025488e+00,9.512477366161768089e+00
8.300000000000000711e+00,9.918858359585611137e-12,8.296397790561484391e-04,1.002831145595085936e-03,9.223449722436448894e+00,9.340702416826950127e+00
8.349999999999999645e+00,1.107508408394909946e-11,1.033807319736280940e-03,1.258412521053238952e-03,9.056936675699830630e+00,9.169894756955741855e+00
8.400000000000000355e+00,1.235874434827347089e-11,1.287696892175176902e-03,1.578510676224915239e-03,8.891414897033399711e+00,9.000054216376554450e+00
8.449999999999999289e+00,1.378199708707828286e-11,1.603237801491653623e-03,1.979158785114587017e-03,8.726924566647923598e+00,8.831162935833148708e+00
8.500000000000000000e+00,1.535766259983112318e-11,1.995123830158177566e-03,2.480271643494973057e-03,8.563528308352076124e+00,8.663233583771855706e+00
8.550000000000000711e+00,1.709911438225453667e-11,2.481393944168569423e-03,3.106543660496764725e-03,8.401320357888614865e+00,8.496333851219112887e+00
8.599999999999999645e+00,1.902011626817897437e-11,3.084270789800436056e-03,3.888537603654420357e-03,8.240423586828939051e+00,8.330540235064802346e+00
8.650000000000000355e+00,2.113459223270816613e-11,3.831045077364572150e-03,4.863997615695295207e-03,8.080987493468107630e+00,8.165953152796440406e+00
8.699999999999999289e+00,2.345631292910252414e-11,4.755034187916828796e-03,6.079422904481789937e-03,7.923182877358684095e+00,8.002681092328558066e+00
8.750000000000000000e+00,2.599848073548097786e-11,5.896822674210292110e-03,7.591940156495155523e-03,7.767205412482354632e+00,7.840850484053959235e+00
8.800000000000000711e+00,2.877319296508178801e-11,7.305675663817822081e-03,9.471512220275079066e-03,7.613278489520254766e+00,7.680619969765324129e+00
8.849999999999999645e+00,3.179076123978252215e-11,9.041133060058948942e-03,1.180351665670596045e-02,7.461642315041061124e+00,7.522173436962333426e+00
8.900000000000000355e+00,3.505886427117677521e-11,1.117492444970307960e-02,1.469171859232647898e-02,7.312556346054954304e+00,7.365696605004302455e+00
8.949999999999999289e+00,3.858151204140341202e-11,1.379289613608266664e-02,1.826164559866535683e-02,7.166298721038103281e+00,7.211358372499866221e+00
9.000000000000000000e+00,4.235780244633357294e-11,1.699719168211302756e-02,2.266434504887821985e-02,7.023172223154595883e+00,7.059390108505688488e+00
9.050000000000000711e+00,4.638045792646970373e-11,2.090880010968152944e-02,2.808046285556774560e-02,6.883495111158822510e+00,6.910051189597403720e+00
9.099999999999999645e+00,5.063414080761440739e-11,2.566979949260601163e-02,3.472452228848610378e-02,6.747565355666239384e+00,6.763515898526407000e+00
9.150000000000000355e+00,5.509356360584316126e-11,3.144498595613579722e-02,4.284919787326976759e-02,6.615572297376374422e+00,6.619651598056620401e+00
9.199999999999999289e+00,5.972143621074782614e-11,3.842245215150102283e-02,5.274926738322720243e-02,6.487824114699286326e+00,6.478619808380436496e+00
9.250000000000000000e+00,6.446632745941079118e-11,4.681076784496705084e-02,6.476478079982991853e-02,6.365181980821546404e+00,6.341748756755507088e+00
9.300000000000000711e+00,6.926056566813701768e-11,5.684691280971461425e-02,7.928280743136122133e-02,6.248384346557202207e+00,6.210151944987856609e+00
9.349999999999999645e+00,7.401836189825557418e-11,6.879323947232614256e-02,9.673691450153730498e-02,6.138006549462446060e+00,6.084504000588033534e+00
9.400000000000000355e+00,7.863441018490786726e-11,8.293241861898491274e-02,1.176033038429273037e-01,6.034613552829100058e+00,5.965369939703414559e+00
9.449999999999999289e+00,8.298329703015688943e-11,9.956034959837889442e-02,1.423923115619381841e-01,5.938824192071564312e+00,5.853323510631703641e+00
9.500000000000000000e+00,8.692013041705283860e-11,1.189742368112821913e-01,1.716337997617007893e-01,5.851325735416004648e+00,5.748992300484005114e+00
9.550000000000000711e+00,9.028286301200369829e-11,1.414566875453349415e-01,2.058549031320725808e-01,5.772863913037127759e+00,5.653045921177252353e+00
9.599999999999999645e+00,9.289681453402328603e-11,1.672551647202930036e-01,2.455487258725807531e-01,5.704332550894839926e+00,5.566355514423023010e+00
9.650000000000000355e+00,9.458186610815146359e-11,1.965554618481219484e-01,2.911330304442306671e-01,5.646713155439968546e+00,5.489901840808521172e+00
9.699999999999999289e+00,9.516266963292194411e-11,2.294533709340422500e-01,3.428988489982684462e-01,5.601096694246763263e+00,5.424814531399817952e+00
9.750000000000000000e+00,9.448194997638148058e-11,2.659176694233763572e-01,4.009504028986612956e-01,5.568547400382989565e+00,5.371997581556328782e+00
9.800000000000000711e+00,9.241654552906113156e-11,3.057502614942155250e-01,4.651398060941265844e-01,5.550197303528484838e+00,5.332386305816662286e+00
9.849999999999999645e+00,8.889522256297172479e-11,3.485511252059912968e-01,5.350027071045432292e-01,5.547250595532098316e+00,5.307043714598684403e+00
9.900000000000000355e+00,8.391654185461092289e-11,3.936935719680145773e-01,6.097040416391846795e-01,5.561142682920333868e+00,5.297186406847622209e+00
9.949999999999999289e+00,7.756424831429316545e-11,4.403113042793001530e-01,6.880058818606770155e-01,5.593413113193498987e+00,5.304048536526437374e+00
1.000000000000000000e+01,7.001697651888539005e-11,4.873009965262760645e-01,7.682710945472449593e-01,5.645492283519828902e+00,5.328433189175562745e+00
1.005000000000000071e+01,6.154878303062218620e-11,5.333698305733362011e-01,8.485159767431936784e-01,5.719047314902155676e+00,5.371576572214657119e+00
1.009999999999999964e+01,5.251744604709111667e-11,5.771259102669480390e-01,9.265209626763958317e-01,5.815679165068750933e+00,5.434635814882391003e+00
1.015000000000000036e+01,4.333889107098389872e-11,6.171960868389226862e-01,1.000000000000000000e+00,5.936775681673339022e+00,5.518518237497211487e+00
