# log_age,instantaneous_sfr,integrated_stellar_mass,integrated_formed_mass,g,r
5.500000000000000000e+00,6.665803530503337631e-10,2.103414088076755752e-04,2.108134368224065503e-04,9.842984958019791009e+00,1.034647974913580981e+01
5.549999999999999822e+00,6.665632063253094288e-10,2.360020801942198574e-04,2.365335243589200337e-04,9.717705597387208627e+00,1.022120094243793176e+01
5.599999999999999645e+00,6.665439679084850500e-10,2.647895121307197513e-04,2.653911495955605152e-04,9.591779086979343560e+00,1.009527797339129052e+01
5.650000000000000355e+00,6.665223827107985052e-10,2.970817579299449718e-04,2.977689461252929241e-04,9.465336143307936823e+00,9.968840038924874136e+00
5.700000000000000178e+00,6.664981645528049833e-10,3.333039486152574891e-04,3.340961831155771526e-04,9.338352646690196934e+00,9.841862932975587341e+00
5.750000000000000000e+00,6.664709923801841302e-10,3.739365821565404278e-04,3.748544420468751101e-04,9.210542644711892990e+00,9.714065368894445385e+00
5.799999999999999822e+00,6.664405060198273603e-10,4.195154874756317712e-04,4.205839825818960369e-04,9.081784661457056984e+00,9.585328562424450638e+00
5.849999999999999645e+00,6.664063014210564188e-10,4.706359512728000702e-04,4.718908807384845135e-04,8.952168147502504780e+00,9.455739519695939066e+00
5.900000000000000355e+00,6.663679253199150030e-10,5.279705418027955555e-04,5.294550324506029334e-04,8.821499475778978194e+00,9.325108876710828554e+00
5.950000000000000178e+00,6.663248692571083805e-10,5.922712679832218847e-04,5.940391266604674696e-04,8.689712960463801039e+00,9.193371198972783986e+00
6.000000000000000000e+00,6.662765628719342547e-10,6.643796534449176311e-04,6.664987044215917641e-04,8.556678529321217752e+00,9.060394504712419916e+00
6.049999999999999822e+00,6.662223663853952703e-10,7.452447544983988124e-04,7.477934342302832013e-04,8.421922832548077054e+00,8.925704577030828091e+00
6.099999999999999645e+00,6.661615621754804865e-10,8.359136793677819513e-04,8.389997491023710573e-04,8.285416396436481534e+00,8.789252387876445027e+00
6.150000000000000355e+00,6.660933453362685994e-10,9.375639166862407854e-04,9.413250079200564469e-04,8.146717494740030929e+00,8.650573499386688070e+00
6.200000000000000178e+00,6.660168130999030808e-10,1.051517311523786228e-03,1.056123362468418736e-03,8.005171443868825065e+00,8.508998205644310531e+00
6.250000000000000000e+00,6.659309529865238017e-10,1.179231104386946121e-03,1.184913532537392334e-03,7.860552152577533036e+00,8.364288042073908969e+00
6.299999999999999822e+00,6.658346295317649148e-10,1.322266601808011954e-03,1.329398714675679178e-03,7.708484354417969087e+00,8.211851598250746065e+00
6.349999999999999645e+00,6.657265694243192667e-10,1.482259606920171766e-03,1.491488875844076099e-03,7.544520925265537414e+00,8.047166907319642348e+00
6.400000000000000355e+00,6.656053448671977914e-10,1.661534681210030760e-03,1.673325711526345251e-03,7.371640808436303871e+00,7.873301660824296277e+00
6.450000000000000178e+00,6.654693549555349058e-10,1.861469221396922858e-03,1.877310579020594148e-03,7.188298975957984283e+00,7.688442829681797264e+00
6.500000000000000000e+00,6.653168048409857655e-10,2.084985546064392625e-03,2.106135750844434235e-03,6.976230454090149635e+00,7.472746747871042317e+00
6.549999999999999822e+00,6.651456824278035443e-10,2.335755948749925100e-03,2.362819370617739567e-03,6.747184193092294890e+00,7.235212934373485894e+00
6.599999999999999645e+00,6.649537323184833778e-10,2.615103490132770873e-03,2.650744534597950126e-03,6.554343216534753935e+00,7.033614018535679691e+00
6.650000000000000355e+00,6.647384266973277121e-10,2.926195933278567200e-03,2.973702966331368599e-03,6.395799816253713743e+00,6.867887239921287801e+00
6.700000000000000178e+00,6.644969328084110499e-10,3.273314507373078705e-03,3.335943799706548012e-03,6.237406922868188985e+00,6.698153521939858024e+00
6.750000000000000000e+00,6.642260766502213728e-10,3.660140155318049315e-03,3.742228036991000761e-03,6.091182931788296173e+00,6.534543974338987482e+00
6.799999999999999822e+00,6.639223024728462336e-10,4.090345647726246342e-03,4.197889303053778907e-03,5.948991426142008265e+00,6.367584632983664505e+00
6.849999999999999645e+00,6.635816276251762697e-10,4.568515534550228289e-03,4.708901574558760524e-03,5.807103003508146344e+00,6.184473948825846890e+00
6.900000000000000355e+00,6.631995922596047078e-10,5.099775782935090859e-03,5.281954622916035756e-03,5.694404685460895621e+00,6.022723268116926931e+00
6.950000000000000178e+00,6.627712033606643753e-10,5.690010217422210130e-03,5.924537971326448646e-03,5.602064953901347621e+00,5.891040104121138654e+00
7.000000000000000000e+00,6.622908725228139557e-10,6.345713149572565492e-03,6.645034228102139791e-03,5.512085072393581697e+00,5.774668294397443447e+00
7.049999999999999822e+00,6.617523468623150700e-10,7.073755299984062911e-03,7.452822718850411060e-03,5.429731600412559089e+00,5.676701873947429533e+00
7.099999999999999645e+00,6.611486324104394959e-10,7.882326927812677644e-03,8.358394396663722595e-03,5.358543231572397758e+00,5.596180297988780694e+00
7.150000000000000355e+00,6.604719093022399875e-10,8.780944506942847672e-03,9.373479058963064131e-03,5.294448580031684060e+00,5.524654029920249343e+00
7.200000000000000178e+00,6.597134380496581561e-10,9.779567045559135752e-03,1.051118593783579441e-02,5.234991840477313474e+00,5.458271840666007790e+00
7.250000000000000000e+00,6.588634561735265352e-10,1.088922866186446334e-02,1.178615875203335196e-02,5.180474804388829568e+00,5.397862485165504154e+00
7.299999999999999822e+00,6.579110644708437155e-10,1.212270170188268700e-02,1.321474630605745659e-02,5.129325437425620748e+00,5.341309023829140301e+00
7.349999999999999645e+00,6.568441022177260667e-10,1.349377880620713892e-02,1.481518968573403150e-02,5.079758700042795283e+00,5.285814219638467648e+00
7.400000000000000355e+00,6.556490106624663500e-10,1.501713140500295952e-02,1.660782701862351801e-02,5.031884298255775434e+00,5.231510416863343949e+00
7.450000000000000178e+00,6.543106842570627066e-10,1.670910842894444970e-02,1.861531662672902959e-02,4.985907498331663135e+00,5.178592076001478972e+00
7.500000000000000000e+00,6.528123092217491834e-10,1.858767322344032427e-02,2.086287917969935693e-02,4.942181730784490412e+00,5.127695818634876446e+00
7.549999999999999822e+00,6.511351892508742846e-10,2.067343045147751815e-02,2.337855913601158409e-02,4.900493624547870297e+00,5.079942919727706396e+00
7.599999999999999645e+00,6.492585584688535162e-10,2.299013163327450968e-02,2.619350530904284921e-02,4.859068158777667179e+00,5.033802978234689363e+00
7.650000000000000355e+00,6.471593821550889038e-10,2.556281157460255776e-02,2.934226977968968156e-02,4.816658854802732037e+00,4.987200917709955661e+00
7.700000000000000178e+00,6.448121463047844730e-10,2.841795684055924143e-02,3.286312355514645067e-02,4.773535523186154705e+00,4.940414750713031822e+00
7.750000000000000000e+00,6.421886378122016538e-10,3.158447307234825419e-02,3.679838629402054639e-02,4.730168872143735825e+00,4.893916254836440771e+00
7.799999999999999822e+00,6.392577179940638536e-10,3.509461042123252633e-02,4.119476602122734699e-02,4.687030476592212835e+00,4.847719802542030720e+00
7.849999999999999645e+00,6.359850933601815001e-10,3.898350099101256100e-02,4.610370297205072798e-02,4.644430925654496889e+00,4.801625834106367563e+00
7.900000000000000355e+00,6.323330890395811046e-10,4.328852189084450575e-02,5.158170945295150606e-02,4.602943582359891650e+00,4.756318572331572625e+00
7.950000000000000178e+00,6.282604321436317459e-10,4.805185457832476109e-02,5.769069479687548296e-02,4.562703890979214805e+00,4.711861808201255997e+00
8.000000000000000000e+00,6.237220546585530227e-10,5.331875670225968283e-02,6.449826102449354726e-02,4.523520345947616761e+00,4.667878249884374497e+00
8.050000000000000711e+00,6.186689282768943635e-10,5.913578490198822396e-02,7.207795059698149376e-02,4.485553426372945296e+00,4.624688390112055458e+00
8.099999999999999645e+00,6.130479469685434614e-10,6.555357496188302102e-02,8.050942255950783999e-02,4.448891079879516042e+00,4.582583343511693386e+00
8.150000000000000355e+00,6.068018771157894454e-10,7.262003045361375975e-02,8.987852733863889443e-02,4.413434461650773244e+00,4.541610761102454319e+00
8.199999999999999289e+00,5.998693997345011133e-10,8.038639066399067001e-02,1.002772434105713845e-01,4.379346869181375723e+00,4.501948127171885972e+00
8.250000000000000000e+00,5.921852746808240294e-10,8.891991944804389369e-02,1.118034309910869717e-01,4.346787905095531812e+00,4.463679368638523215e+00
8.300000000000000711e+00,5.836806627501215283e-10,9.828857056081111154e-02,1.245603488871407788e-01,4.315917182307607902e+00,4.427010330143104966e+00
8.349999999999999645e+00,5.742836480759468049e-10,1.085551594847535134e-01,1.386558708984029220e-01,4.286838728246024743e+00,4.391985201656304127e+00
8.400000000000000355e+00,5.639200099692822299e-10,1.197827144235367319e-01,1.542013280583995893e-01,4.259500029629499807e+00,4.358373768321193609e+00
8.449999999999999289e+00,5.525142998622005126e-10,1.320318178872080805e-01,1.713098932190223467e-01,4.234256360592169699e+00,4.326507096503220851e+00
8.500000000000000000e+00,5.399912846549684389e-10,1.453428205789916161e-01,1.900944160298703167e-01,4.211358078643812064e+00,4.296722994292331066e+00
8.550000000000000711e+00,5.262778215165740015e-10,1.597718875470865718e-01,2.106646107374620103e-01,4.191072638595208844e+00,4.269219100136197653e+00
8.599999999999999645e+00,5.113052296661271726e-10,1.753951527201415839e-01,2.331234985131323545e-01,4.173806399953001289e+00,4.244249708413782685e+00
8.650000000000000355e+00,4.950122200056902728e-10,1.922445721746768310e-01,2.575630130037876442e-01,4.159952392255277687e+00,4.222085619885859842e+00
8.699999999999999289e+00,4.773484312948668215e-10,2.103288250245300972e-01,2.840586960700227648e-01,4.149986680056983346e+00,4.202989626581477012e+00
8.750000000000000000e+00,4.582785989298008702e-10,2.296409588174920247e-01,3.126634446176217441e-01,4.144487681354462438e+00,4.187419354408490335e+00
8.800000000000000711e+00,4.377873459398384310e-10,2.501567375276981808e-01,3.434003241025653796e-01,4.143940531584043185e+00,4.175730334311055003e+00
8.849999999999999645e+00,4.158845319573322355e-10,2.718304259152141689e-01,3.762545450763247756e-01,4.148816233542007126e+00,4.168152672653448576e+00
8.900000000000000355e+00,3.926110213211910168e-10,2.945616211420468145e-01,4.111648110305365367e-01,4.159680455648683051e+00,4.164859560217877288e+00
8.949999999999999289e+00,3.680446338643241583e-10,3.182151034036477810e-01,4.480143922158367764e-01,4.177269130461624513e+00,4.166451487746641646e+00
9.000000000000000000e+00,3.423059212850882595e-10,3.426107072622072702e-01,4.866224610846907050e-01,4.202349347100643229e+00,4.173633889301086697e+00
9.050000000000000711e+00,3.155632722111051476e-10,3.675207223635158504e-01,5.267364346956653343e-01,4.235498141674078454e+00,4.186651483395827711e+00
9.099999999999999645e+00,2.880367000410270237e-10,3.926876531857705355e-01,5.680262929507824410e-01,4.276236180163174083e+00,4.203234217167945985e+00
9.150000000000000355e+00,2.599995276187619870e-10,4.177501848558373698e-01,6.100820515841799407e-01,4.323355883214084372e+00,4.220131073988270032e+00
9.199999999999999289e+00,2.317770802929489294e-10,4.419988599759890890e-01,6.524157225728995924e-01,4.383104437271022391e+00,4.248740994610031407e+00
9.250000000000000000e+00,2.037414736004346413e-10,4.650985667002254242e-01,6.944691326116710917e-01,4.460141243625869834e+00,4.297396806664522728e+00
9.300000000000000711e+00,1.763016827083847874e-10,4.870421746777000571e-01,7.356288189497458552e-01,4.551184489559226165e+00,4.359773372938981595e+00
9.349999999999999645e+00,1.498883601809035167e-10,5.074680339736414858e-01,7.752488027409677462e-01,4.655931448800544104e+00,4.434358229016197583e+00
9.400000000000000355e+00,1.249333701314842572e-10,5.260244207313170550e-01,8.126812878150966313e-01,4.774630479360922664e+00,4.520776089790956576e+00
9.449999999999999289e+00,1.018447460738168550e-10,5.423495244654165104e-01,8.473142239015978294e-01,4.907185596188455179e+00,4.617994667117216068e+00
9.500000000000000000e+00,8.097871997506366997e-11,5.561869605012083051e-01,8.786132630497275331e-01,5.053617823622644778e+00,4.725479726233366762e+00
9.550000000000000711e+00,6.261149676819349878e-11,5.673959269694908158e-01,9.061640978600328244e-01,5.214646842547644212e+00,4.844964726171667735e+00
9.599999999999999645e+00,4.691435507078405148e-11,5.759825622889387375e-01,9.297098104061469748e-01,5.390354173240481828e+00,4.978582580204488295e+00
9.650000000000000355e+00,3.393615265859041451e-11,5.820842993990276160e-01,9.491771140244374960e-01,5.577510875954288849e+00,5.122426230777534784e+00
9.699999999999999289e+00,2.359708733476076601e-11,5.858648763644752622e-01,9.646857120101819394e-01,5.771235539524980140e+00,5.270452687885921250e+00
9.750000000000000000e+00,1.569636791571823311e-11,5.875709783163507449e-01,9.765367911387456967e-01,5.968601843426910136e+00,5.421653154783733441e+00
9.800000000000000711e+00,9.934258261114837927e-12,5.875416512423089488e-01,9.851799556206508601e-01,6.165520312476445497e+00,5.573506748537788269e+00
9.849999999999999645e+00,5.946084573183492250e-12,5.861610331338447111e-01,9.911622161525477370e-01,6.356458119654639916e+00,5.722139269432979347e+00
9.900000000000000355e+00,3.342937614557867164e-12,5.837982029848720611e-01,9.950669365904862840e-01,6.536264268621671647e+00,5.865996285436381186e+00
9.949999999999999289e+00,1.751895929336956528e-12,5.807948862805191181e-01,9.974534991183175991e-01,6.701678110867277383e+00,6.002439901989866655e+00
1.000000000000000000e+01,8.484915474711954114e-13,5.774286872798454207e-01,9.988086056911161803e-01,6.853344303707572749e+00,6.129912173531785413e+00
1.005000000000000071e+01,3.761559284995760548e-13,5.737509164254120941e-01,9.995171091195736990e-01,6.986514530928893407e+00,6.236387602585999446e+00
1.009999999999999964e+01,1.510016420006806746e-13,5.698142304016958759e-01,9.998548405493221658e-01,7.115812245379487422e+00,6.337845700176877983e+00
1.015000000000000036e+01,5.422867488204001165e-14,5.658286366866094319e-01,1.000000000000000000e+00,7.252272439198108600e+00,6.450156874654624062e+00
