# log_age,instantaneous_sfr,integrated_stellar_mass,integrated_formed_mass,u,g,r,i,z
5.000000000000000000e+00,0.000000000000000000e+00,9.797581645775037540e-01,1.000000000000000000e+00,3.959413425907314377e-01,5.954462118756893574e-01,8.650997976001377765e-01,1.017707211238565890e+00,1.125342098834131832e+00
5.049999999999999822e+00,0.000000000000000000e+00,9.797159564652990760e-01,1.000000000000000000e+00,4.153073546819925355e-01,6.243092205851183962e-01,9.056804265990763270e-01,1.066034713329422345e+00,1.176143745965035237e+00
5.099999999999999645e+00,0.000000000000000000e+00,9.799364542043825788e-01,1.000000000000000000e+00,4.039205275281076979e-01,6.278454790368286353e-01,9.275769654145165077e-01,1.101582228851064826e+00,1.223514429549908300e+00
5.150000000000000355e+00,0.000000000000000000e+00,9.766462404931781638e-01,1.000000000000000000e+00,4.510243658578545478e-01,6.786648704733053705e-01,9.858275344415332597e-01,1.165370318056787369e+00,1.291603336659690626e+00
5.200000000000000178e+00,0.000000000000000000e+00,9.793378826198474441e-01,1.000000000000000000e+00,4.036266973555981963e-01,6.511433694519723758e-01,9.800836801979784241e-01,1.176340433916948314e+00,1.316195046288690662e+00
5.250000000000000000e+00,0.000000000000000000e+00,9.787139359758350032e-01,1.000000000000000000e+00,4.001207374149515772e-01,6.591802195979354906e-01,1.002322374954040640e+00,1.209840175698822407e+00,1.359127085596227857e+00
5.299999999999999822e+00,0.000000000000000000e+00,9.766119190070288170e-01,1.000000000000000000e+00,4.346274027751988456e-01,6.995204324561825615e-01,1.052386603276190158e+00,1.268379062423193204e+00,1.425481111593477124e+00
5.349999999999999645e+00,0.000000000000000000e+00,9.779625788577168688e-01,1.000000000000000000e+00,4.035529091520615452e-01,6.825799578987528093e-01,1.052043789553735564e+00,1.281682690194280383e+00,1.451367364791053660e+00
5.400000000000000355e+00,0.000000000000000000e+00,9.790650345293933077e-01,1.000000000000000000e+00,3.828604102839747725e-01,6.731658744856687804e-01,1.056831463721287889e+00,1.298552936460708906e+00,1.479666036583388689e+00
5.450000000000000178e+00,0.000000000000000000e+00,9.763730584119455491e-01,1.000000000000000000e+00,4.189299297674864420e-01,7.117435121757296201e-01,1.102326392151930179e+00,1.350372672937922403e+00,1.536754508332599301e+00
5.500000000000000000e+00,0.000000000000000000e+00,9.801004241456029442e-01,1.000000000000000000e+00,3.626621162897194495e-01,6.690791999584391192e-01,1.075286103334320842e+00,1.337016872683811641e+00,1.536955921660073443e+00
5.549999999999999822e+00,0.000000000000000000e+00,9.753029889383357798e-01,1.000000000000000000e+00,4.184291441729541816e-01,7.241760335146523175e-01,1.134470776419838955e+00,1.400241305225108590e+00,1.603997033554854568e+00
5.599999999999999645e+00,0.000000000000000000e+00,9.794699752180925367e-01,1.000000000000000000e+00,3.566461141589627459e-01,6.745437333944082070e-01,1.099560868339295894e+00,1.378910094745556592e+00,1.596883587473811872e+00
5.650000000000000355e+00,0.000000000000000000e+00,9.774225124423836508e-01,1.000000000000000000e+00,3.656929155946571086e-01,6.867749388805108879e-01,1.118813639653687630e+00,1.405099045580378458e+00,1.630274111911852231e+00
5.700000000000000178e+00,0.000000000000000000e+00,9.748360436383872729e-01,1.000000000000000000e+00,3.916351118110128482e-01,7.136777579900339674e-01,1.151085934103079467e+00,1.442843295471170961e+00,1.673787452343511006e+00
5.750000000000000000e+00,0.000000000000000000e+00,9.815180687318931785e-01,1.000000000000000000e+00,3.514683131632452273e-01,6.804407860634427152e-01,1.127077248586623170e+00,1.427753529080959538e+00,1.668396248898027068e+00
5.799999999999999822e+00,0.000000000000000000e+00,9.821707746147372298e-01,1.000000000000000000e+00,3.222719992089935204e-01,6.562161167134732409e-01,1.109952945019429649e+00,1.417387842115857666e+00,1.665097612595062060e+00
5.849999999999999645e+00,0.000000000000000000e+00,9.750153505054163228e-01,1.000000000000000000e+00,3.555824708938715162e-01,6.879578501519745259e-01,1.144910063306916470e+00,1.456342952476987307e+00,1.708129300874404066e+00
5.900000000000000355e+00,0.000000000000000000e+00,9.793899828179964961e-01,1.000000000000000000e+00,2.960262773382140722e-01,6.351595762188253502e-01,1.100360503614837171e+00,1.420200618524766867e+00,1.680907518519148880e+00
5.950000000000000178e+00,0.000000000000000000e+00,9.771850410865786651e-01,1.000000000000000000e+00,2.941605336863304387e-01,6.342352543476579285e-01,1.102804896140376911e+00,1.425474232504647887e+00,1.687568211683299069e+00
6.000000000000000000e+00,0.000000000000000000e+00,9.784328752113681249e-01,1.000000000000000000e+00,2.832030398046399000e-01,6.253796440319732142e-01,1.097746421496680114e+00,1.423376460767570961e+00,1.687653168023189210e+00
6.049999999999999822e+00,0.000000000000000000e+00,9.733660603524942889e-01,1.000000000000000000e+00,2.786753523254432707e-01,6.217553971024400994e-01,1.097035212857420561e+00,1.425046757690580534e+00,1.690071342889801542e+00
6.099999999999999645e+00,0.000000000000000000e+00,9.766654383074571122e-01,1.000000000000000000e+00,2.274516863873543571e-01,5.748917583189623315e-01,1.055222804194229980e+00,1.388323108958445573e+00,1.659653929507044268e+00
6.150000000000000355e+00,0.000000000000000000e+00,9.708552714356468716e-01,1.000000000000000000e+00,2.422770444130790679e-01,5.883090014787626387e-01,1.070613883972029612e+00,1.406083403653020980e+00,1.680489718955328726e+00
6.200000000000000178e+00,0.000000000000000000e+00,9.716402707250638704e-01,1.000000000000000000e+00,2.101740209191689246e-01,5.584053969653410832e-01,1.044010578557369229e+00,1.382932663357642866e+00,1.661870462163264506e+00
6.250000000000000000e+00,0.000000000000000000e+00,9.722129718198408987e-01,1.000000000000000000e+00,1.445523361560248077e-01,4.960255238020181423e-01,9.844235047595759625e-01,1.327363641342365952e+00,1.612166547769163572e+00
6.299999999999999822e+00,0.000000000000000000e+00,9.698012612338811067e-01,1.000000000000000000e+00,1.341201616233931304e-01,4.856480515695835720e-01,9.766385132262840330e-01,1.322175236009243804e+00,1.610206897595276132e+00
6.349999999999999645e+00,0.000000000000000000e+00,9.698063821194237155e-01,1.000000000000000000e+00,7.102983264842777089e-02,4.250107432858243328e-01,9.182061277304072178e-01,1.266759490439035574e+00,1.559244449621360218e+00
6.400000000000000355e+00,0.000000000000000000e+00,9.662201108830152929e-01,1.000000000000000000e+00,3.212683571877050781e-02,3.795111901435461732e-01,8.711258363421663375e-01,1.216603940984079202e+00,1.510236277190621479e+00
6.450000000000000178e+00,0.000000000000000000e+00,9.611960629783691257e-01,1.000000000000000000e+00,-3.103608957085413067e-02,3.031918176245085306e-01,7.884496220228811580e-01,1.124698825143205738e+00,1.416903682737185477e+00
6.500000000000000000e+00,0.000000000000000000e+00,9.707256122278543620e-01,1.000000000000000000e+00,-1.306132938519652953e-01,2.002852481777637195e-01,6.836084409722218425e-01,1.019248821761159718e+00,1.312058046672454736e+00
6.549999999999999822e+00,0.000000000000000000e+00,9.717499245393250717e-01,1.000000000000000000e+00,-3.160887769454774343e-01,1.982772995896198154e-02,5.032316374957019889e-01,8.530843077373333472e-01,1.151327351771193719e+00
6.599999999999999645e+00,0.000000000000000000e+00,9.742181663926396951e-01,1.000000000000000000e+00,-6.798237109985620918e-01,-7.652442918417179385e-01,-4.239590685057343933e-01,-1.643378371862240783e-01,1.200974285839606637e-02
6.650000000000000355e+00,0.000000000000000000e+00,9.695716394942697214e-01,1.000000000000000000e+00,-2.725168668095960811e-01,-4.980267332689543025e-01,-3.342536166265972497e-01,-1.874231824749870157e-01,-1.082627611808106849e-01
6.700000000000000178e+00,0.000000000000000000e+00,9.658542101746165898e-01,1.000000000000000000e+00,-3.673548165979170221e-01,-6.468262121113532714e-01,-4.391352606971175021e-01,-2.711929247420670208e-01,-1.788501981082859515e-01
6.750000000000000000e+00,0.000000000000000000e+00,9.608511655531040141e-01,1.000000000000000000e+00,-3.874863884281367632e-01,-8.128715930163679104e-01,-5.645345037145546030e-01,-3.585494356454148601e-01,-2.500423157608651081e-01
6.799999999999999822e+00,0.000000000000000000e+00,9.499226254039799811e-01,1.000000000000000000e+00,2.273710924509018128e-01,-4.437498780336923687e-01,-5.566417739747464566e-01,-5.494948161631398875e-01,-5.597513362362072087e-01
6.849999999999999645e+00,0.000000000000000000e+00,9.403479607253989458e-01,1.000000000000000000e+00,5.621173435582136335e-01,4.844444911983458724e-02,-3.064779484664015285e-01,-4.452237701570638251e-01,-5.400553130288443526e-01
6.900000000000000355e+00,0.000000000000000000e+00,9.309227256144267937e-01,1.000000000000000000e+00,6.376838844150398700e-01,2.820351377553649286e-01,1.182254504571247367e-01,-8.882076349741652166e-02,-3.139197315494541840e-01
6.950000000000000178e+00,0.000000000000000000e+00,9.217656685617403589e-01,1.000000000000000000e+00,8.470074002361158705e-01,6.028276498278728468e-01,6.988693169945179307e-01,4.597200068602091960e-01,-1.147071656691878161e-02
7.000000000000000000e+00,0.000000000000000000e+00,9.131525006089274976e-01,1.000000000000000000e+00,1.137919756405750604e+00,1.019621489222686250e+00,1.057027696536273709e+00,7.014666070934509889e-01,1.335026461884609716e-01
7.049999999999999822e+00,0.000000000000000000e+00,9.050860815417511862e-01,1.000000000000000000e+00,1.310208669029627515e+00,1.173452124917346850e+00,1.180291866193527994e+00,8.516779918653725190e-01,2.860434927389405857e-01
7.099999999999999645e+00,0.000000000000000000e+00,8.973079029693445952e-01,1.000000000000000000e+00,1.519809893536162804e+00,1.504329367969901909e+00,1.593707505838722227e+00,1.120528965450588998e+00,4.430295784248059476e-01
7.150000000000000355e+00,0.000000000000000000e+00,8.899351621658529998e-01,1.000000000000000000e+00,1.678814333131647629e+00,1.630753307792154772e+00,1.715239893136782712e+00,1.257367055593682892e+00,6.204235650547147429e-01
7.200000000000000178e+00,0.000000000000000000e+00,8.828119640548829361e-01,1.000000000000000000e+00,1.717512389822530849e+00,1.333876796533523645e+00,1.173795246871904396e+00,1.010063986455776330e+00,8.205927308754326077e-01
7.250000000000000000e+00,0.000000000000000000e+00,8.759492545564949717e-01,1.000000000000000000e+00,1.751122070212971948e+00,1.270038350645506853e+00,1.313988594603685556e+00,1.262375815009640689e+00,1.107186918278991072e+00
7.299999999999999822e+00,0.000000000000000000e+00,8.692627849612567514e-01,1.000000000000000000e+00,2.049950244002154420e+00,1.906257855629831965e+00,1.967001960212996892e+00,1.613325895711170688e+00,1.181041872202044374e+00
7.349999999999999645e+00,0.000000000000000000e+00,8.632795115363500749e-01,1.000000000000000000e+00,2.157291877589592843e+00,1.932353944850611072e+00,1.880082887628226729e+00,1.612261098236587031e+00,1.296867842813327343e+00
7.400000000000000355e+00,0.000000000000000000e+00,8.574271275370571876e-01,1.000000000000000000e+00,2.174730136038000694e+00,1.789597285874961585e+00,1.808384924992452625e+00,1.669053572128667895e+00,1.451301299578837245e+00
7.450000000000000178e+00,0.000000000000000000e+00,8.516871207697109813e-01,1.000000000000000000e+00,2.236782841429572954e+00,1.836218755456236806e+00,1.936719896222079740e+00,1.824041295570737020e+00,1.612757074941761459e+00
7.500000000000000000e+00,0.000000000000000000e+00,8.460482717730624103e-01,1.000000000000000000e+00,2.295044294836166898e+00,1.847599050449126423e+00,1.977531431981589094e+00,1.922345598488021778e+00,1.764195874418874155e+00
7.549999999999999822e+00,0.000000000000000000e+00,8.407159570230479106e-01,1.000000000000000000e+00,2.416982692197336746e+00,1.959343263549939707e+00,2.062573695657619055e+00,2.002456683221986111e+00,1.856717654823142993e+00
7.599999999999999645e+00,0.000000000000000000e+00,8.353262787844943915e-01,1.000000000000000000e+00,2.523353073577531802e+00,2.023258837421337830e+00,2.093360847410160375e+00,2.030840294953200953e+00,1.897750446979664218e+00
7.650000000000000355e+00,0.000000000000000000e+00,8.295085050279076277e-01,1.000000000000000000e+00,2.646454086063741329e+00,2.102749922004647942e+00,2.134842512460593866e+00,2.065497610149719776e+00,1.940622914820067990e+00
7.700000000000000178e+00,0.000000000000000000e+00,8.232287663212826123e-01,1.000000000000000000e+00,2.769493475887230716e+00,2.227197579587389953e+00,2.261980300148252354e+00,2.215671819128786524e+00,2.118987623871333881e+00
7.750000000000000000e+00,0.000000000000000000e+00,8.176708904659080179e-01,1.000000000000000000e+00,2.893800610754581726e+00,2.350086322543305073e+00,2.344073137461485601e+00,2.285689753635686827e+00,2.190599670679596045e+00
7.799999999999999822e+00,0.000000000000000000e+00,8.120986414218437366e-01,1.000000000000000000e+00,2.990024137961576400e+00,2.427369480103045873e+00,2.427658151820573096e+00,2.386209856335881341e+00,2.308258915479747486e+00
7.849999999999999645e+00,0.000000000000000000e+00,8.065635544358069620e-01,1.000000000000000000e+00,3.106285677996510231e+00,2.535840186560427867e+00,2.527539438612272704e+00,2.480244548389052284e+00,2.403617419125581023e+00
7.900000000000000355e+00,0.000000000000000000e+00,8.014610842967644366e-01,1.000000000000000000e+00,3.230122745118194416e+00,2.624172079002349278e+00,2.584381675227383823e+00,2.525532071454385630e+00,2.442562002601050608e+00
7.950000000000000178e+00,0.000000000000000000e+00,7.959198224378688513e-01,1.000000000000000000e+00,3.348400760390077835e+00,2.720617301393147613e+00,2.685663120327738795e+00,2.630291529589101174e+00,2.550282873186425547e+00
8.000000000000000000e+00,0.000000000000000000e+00,7.902994291014551198e-01,1.000000000000000000e+00,3.471046578487275269e+00,2.807295591334352025e+00,2.765640069117246469e+00,2.712159898945209591e+00,2.636388219582684656e+00
8.050000000000000711e+00,0.000000000000000000e+00,7.849033190311275332e-01,1.000000000000000000e+00,3.591908433679229518e+00,2.897259694575460287e+00,2.860477879594256478e+00,2.812941315845392865e+00,2.738458902741243151e+00
8.099999999999999645e+00,0.000000000000000000e+00,7.795925035011007642e-01,1.000000000000000000e+00,3.711857162342539596e+00,2.982896504897198042e+00,2.953306326300626949e+00,2.912900301510646273e+00,2.841351110438026240e+00
8.150000000000000355e+00,0.000000000000000000e+00,7.746006374808985795e-01,1.000000000000000000e+00,3.823461998237412729e+00,3.059683263318994761e+00,3.037827405446407170e+00,3.008170149369263413e+00,2.946259066425483297e+00
8.199999999999999289e+00,0.000000000000000000e+00,7.697003012505548858e-01,1.000000000000000000e+00,3.941926974074831946e+00,3.134157566300380893e+00,3.107140267200612982e+00,3.078488637192265287e+00,3.018418119781713926e+00
8.250000000000000000e+00,0.000000000000000000e+00,7.645892014704984696e-01,1.000000000000000000e+00,4.075997521402875634e+00,3.219003536829873724e+00,3.181782787524895184e+00,3.149736593852978217e+00,3.086458280400719900e+00
8.300000000000000711e+00,0.000000000000000000e+00,7.592429559126476768e-01,1.000000000000000000e+00,4.203717356306924557e+00,3.304690380237154557e+00,3.273781572753399871e+00,3.247311573896560333e+00,3.186430595601386528e+00
8.349999999999999645e+00,0.000000000000000000e+00,7.541398462624535615e-01,1.000000000000000000e+00,4.334488505125619895e+00,3.389152082898149843e+00,3.360318302180274941e+00,3.341726381975810511e+00,3.292832665007281889e+00
8.400000000000000355e+00,0.000000000000000000e+00,7.492017406637074828e-01,1.000000000000000000e+00,4.470722641621335924e+00,3.476221253671170075e+00,3.443675337206705933e+00,3.424314883105665785e+00,3.374406261361563963e+00
8.449999999999999289e+00,0.000000000000000000e+00,7.440503151516593139e-01,1.000000000000000000e+00,4.609907814261383407e+00,3.567678320548637316e+00,3.531490023615219798e+00,3.513161322387105656e+00,3.468005853838761254e+00
8.500000000000000000e+00,0.000000000000000000e+00,7.392079479427187128e-01,1.000000000000000000e+00,4.750608710696901937e+00,3.661910742570448463e+00,3.612384957315455836e+00,3.586531769584908602e+00,3.535974831534687723e+00
8.550000000000000711e+00,0.000000000000000000e+00,7.343796441888198467e-01,1.000000000000000000e+00,4.886999027676026230e+00,3.757727942709323088e+00,3.694800219564250199e+00,3.663545223807147977e+00,3.611488002704831501e+00
8.599999999999999645e+00,0.000000000000000000e+00,7.295360120306272345e-01,1.000000000000000000e+00,5.023356213799374359e+00,3.862124031595072893e+00,3.782278785864960469e+00,3.744422178358846054e+00,3.689422942722082155e+00
8.650000000000000355e+00,0.000000000000000000e+00,7.247203559363027958e-01,1.000000000000000000e+00,5.163197624242471306e+00,3.971763010887677581e+00,3.866311433493812899e+00,3.815361807201014699e+00,3.748885305882510011e+00
8.699999999999999289e+00,0.000000000000000000e+00,7.199591444742644564e-01,1.000000000000000000e+00,5.303391773563404854e+00,4.083129055714991296e+00,3.952086841540705109e+00,3.891041640806470525e+00,3.818804078109494071e+00
8.750000000000000000e+00,0.000000000000000000e+00,7.151321479112469071e-01,1.000000000000000000e+00,5.449362798211893733e+00,4.197767811850454223e+00,4.035037597717554547e+00,3.957407834439884198e+00,3.871466785127807952e+00
8.800000000000000711e+00,0.000000000000000000e+00,7.104860284589084030e-01,1.000000000000000000e+00,5.594824434149494152e+00,4.313760812856365590e+00,4.114787380504637326e+00,4.018599186572402004e+00,3.917724110709599472e+00
8.849999999999999645e+00,0.000000000000000000e+00,7.058006650085836275e-01,1.000000000000000000e+00,5.734914935917508672e+00,4.435870721799950900e+00,4.204990910743099164e+00,4.108576034401473009e+00,4.024019605230030550e+00
8.900000000000000355e+00,0.000000000000000000e+00,7.007326558906296077e-01,1.000000000000000000e+00,5.876342606583357053e+00,4.567307196472157216e+00,4.292479652927056577e+00,4.171456140955456249e+00,4.063378619793354574e+00
8.949999999999999289e+00,0.000000000000000000e+00,6.958020999256451233e-01,1.000000000000000000e+00,6.015140632210155047e+00,4.700422276787925568e+00,4.379347297026249919e+00,4.239418561977139177e+00,4.118196167441233513e+00
9.000000000000000000e+00,0.000000000000000000e+00,6.910776461743461940e-01,1.000000000000000000e+00,6.148944766238130910e+00,4.825454855315875591e+00,4.454860351073364200e+00,4.299459388606948096e+00,4.173515902975424297e+00
9.050000000000000711e+00,0.000000000000000000e+00,6.859704872010076171e-01,1.000000000000000000e+00,6.278404170086766101e+00,4.925638236019850069e+00,4.472311398861194220e+00,4.279371979713310736e+00,4.126629813954686199e+00
9.099999999999999645e+00,0.000000000000000000e+00,6.806818883384013752e-01,1.000000000000000000e+00,6.399729800303710192e+00,4.999934451669055591e+00,4.465989223395588681e+00,4.219291701278294227e+00,4.019060603530512310e+00
9.150000000000000355e+00,0.000000000000000000e+00,6.704724033370982328e-01,1.000000000000000000e+00,6.611755389635170843e+00,5.235531429985606167e+00,4.689802543160745074e+00,4.419755836757907730e+00,4.183771704587904594e+00
9.199999999999999289e+00,0.000000000000000000e+00,6.644933952073637240e-01,1.000000000000000000e+00,6.781787861404666273e+00,5.402114148068775989e+00,4.839781546099331422e+00,4.564545714407614696e+00,4.318760450149547125e+00
9.250000000000000000e+00,0.000000000000000000e+00,6.591927629939443589e-01,1.000000000000000000e+00,6.942985735703558703e+00,5.548050228309776344e+00,4.963276409435820824e+00,4.678893226645818970e+00,4.428680213725499470e+00
9.300000000000000711e+00,0.000000000000000000e+00,6.541634237242665018e-01,1.000000000000000000e+00,7.097589596453886429e+00,5.681894610013898728e+00,5.074714256809173207e+00,4.781424651771423839e+00,4.520844255045545879e+00
9.349999999999999645e+00,0.000000000000000000e+00,6.496028321043155751e-01,1.000000000000000000e+00,7.251813020102112262e+00,5.818496635930372918e+00,5.193409763767448339e+00,4.893582844160889067e+00,4.627172722586792020e+00
9.400000000000000355e+00,0.000000000000000000e+00,6.452323151273831048e-01,1.000000000000000000e+00,7.397439279363020148e+00,5.933028964605284727e+00,5.281663455670290830e+00,4.970337750026594392e+00,4.694822422733402334e+00
9.449999999999999289e+00,0.000000000000000000e+00,6.408171897070673584e-01,1.000000000000000000e+00,7.548373684508234760e+00,6.067232209073083027e+00,5.402775232258960614e+00,5.087208923904810831e+00,4.806438443097420077e+00
9.500000000000000000e+00,0.000000000000000000e+00,6.366077986874602024e-01,1.000000000000000000e+00,7.691225666715482134e+00,6.185660850317795223e+00,5.503336435017132544e+00,5.180049365338739165e+00,4.891652168383529897e+00
9.550000000000000711e+00,0.000000000000000000e+00,6.325686594725676848e-01,1.000000000000000000e+00,7.827719685129579830e+00,6.296523631911391305e+00,5.597165387394575475e+00,5.267730460527786818e+00,4.974198551260805345e+00
9.599999999999999645e+00,0.000000000000000000e+00,6.285124183330623726e-01,1.000000000000000000e+00,7.962452894005728865e+00,6.411343310740853951e+00,5.699007307971129421e+00,5.364254577698041260e+00,5.064263471176261078e+00
9.650000000000000355e+00,0.000000000000000000e+00,6.246049807874272108e-01,1.000000000000000000e+00,8.093342356711396235e+00,6.521060836953971318e+00,5.795704621637810305e+00,5.455781056295556652e+00,5.149996700467269761e+00
9.699999999999999289e+00,0.000000000000000000e+00,6.207690483514629598e-01,1.000000000000000000e+00,8.217262131030430794e+00,6.628067363823802793e+00,5.892369297077976853e+00,5.547606687293729522e+00,5.233671270691779398e+00
9.750000000000000000e+00,0.000000000000000000e+00,6.170247918719772295e-01,1.000000000000000000e+00,8.343781265891095700e+00,6.734005061751176413e+00,5.986913986046559444e+00,5.638625132530151518e+00,5.323676022106901939e+00
9.800000000000000711e+00,0.000000000000000000e+00,6.133940861422003676e-01,1.000000000000000000e+00,8.490509724492191879e+00,6.849491276814802632e+00,6.085328657270061115e+00,5.730034332743628056e+00,5.406746808712831864e+00
9.849999999999999645e+00,0.000000000000000000e+00,6.097331613393361938e-01,1.000000000000000000e+00,8.634282975017910644e+00,6.956443324155884511e+00,6.175301408481594478e+00,5.814357321952293489e+00,5.483359027038886779e+00
9.900000000000000355e+00,0.000000000000000000e+00,6.063173816953709716e-01,1.000000000000000000e+00,8.792346129581673608e+00,7.088919990395538662e+00,6.295683052869136986e+00,5.930381910498809361e+00,5.595379934660378751e+00
9.949999999999999289e+00,0.000000000000000000e+00,6.029974592757207930e-01,1.000000000000000000e+00,8.944845783016248220e+00,7.199944328314039410e+00,6.388356983886517071e+00,6.015074326625203582e+00,5.672049892732644594e+00
1.000000000000000000e+01,0.000000000000000000e+00,5.997212780246229391e-01,1.000000000000000000e+00,9.105525677035821275e+00,7.322647220132353141e+00,6.496518451015248274e+00,6.117252006094446415e+00,5.766868248394906971e+00
1.005000000000000071e+01,0.000000000000000000e+00,5.965291475626729456e-01,1.000000000000000000e+00,9.266993368956569554e+00,7.435371204993899141e+00,6.590178046747361407e+00,6.201823542899063568e+00,5.840363429384105132e+00
1.009999999999999964e+01,0.000000000000000000e+00,5.934207854804872673e-01,1.000000000000000000e+00,9.434011296793748613e+00,7.555535833480121255e+00,6.694840919832429904e+00,6.302068394489005243e+00,5.936304887393745844e+00
1.015000000000000036e+01,0.000000000000000000e+00,5.903995110465430907e-01,1.000000000000000000e+00,9.598173592655612651e+00,7.656043214300602529e+00,6.772743177117305891e+00,6.369533121924035868e+00,5.991884318792358499e+00
1.019999999999999929e+01,0.000000000000000000e+00,5.873784307739389199e-01,1.000000000000000000e+00,9.767557590255037780e+00,7.765362068469485735e+00,6.860733495042680374e+00,6.447125412994424210e+00,6.057513307619181830e+00
1.025000000000000000e+01,0.000000000000000000e+00,5.845910803780537401e-01,1.000000000000000000e+00,9.939849984985812625e+00,7.912545943086158218e+00,7.001389185180023844e+00,6.588859682453673372e+00,6.197595374944164348e+00
1.030000000000000071e+01,0.000000000000000000e+00,5.819575587247080017e-01,1.000000000000000000e+00,1.006907581254383643e+01,7.991427382444044270e+00,7.063800687673456480e+00,6.642876300877624374e+00,6.240431820288186771e+00
