# log_age,instantaneous_sfr,integrated_stellar_mass,integrated_formed_mass,u,g,r,i,z
5.000000000000000000e+00,1.516223053376824698e-10,1.485542526857740697e-05,1.516233883591410274e-05,1.244402584838975656e+01,1.264353071767471448e+01,1.291318430339916290e+01,1.306579171703759101e+01,1.317342660463315696e+01
5.049999999999999822e+00,1.516220410419223126e-10,1.666800697671318672e-05,1.701240915694948044e-05,1.232009103764374203e+01,1.252011128488407365e+01,1.279039490732017725e+01,1.294341533746242590e+01,1.305118154478120118e+01
5.099999999999999645e+00,1.516217444977504931e-10,1.870194362497030620e-05,1.908821835978623699e-05,1.219644283140143415e+01,1.239823776150048218e+01,1.267066835349597653e+01,1.282516278756946804e+01,1.293377797290604292e+01
5.150000000000000355e+00,1.516214117704076488e-10,2.098039999416626038e-05,2.141730975980280454e-05,1.207459370417855382e+01,1.227890956714420412e+01,1.255452523570288292e+01,1.271125678916354218e+01,1.282140029825475835e+01
5.200000000000000178e+00,1.516210384450579180e-10,2.353623195487869138e-05,2.403058720771766033e-05,1.195229742052681132e+01,1.216014615634352225e+01,1.244011192982431169e+01,1.259993558298022265e+01,1.271229682164798902e+01
5.250000000000000000e+00,1.516206195682203651e-10,2.640685330946707630e-05,2.696272507056516652e-05,1.182704096182596487e+01,1.203976056159878283e+01,1.232548630021742042e+01,1.248945528579773878e+01,1.260489218601797745e+01
5.299999999999999822e+00,1.516201495820562275e-10,2.962320314474676283e-05,3.025262821974663394e-05,1.170351532075818568e+01,1.192142666255256955e+01,1.221341980482726086e+01,1.238198102871087514e+01,1.250091761749180108e+01
5.349999999999999645e+00,1.516196222506410931e-10,3.323073061428962729e-05,3.394394812557773359e-05,1.157995119695023334e+01,1.180357123208435866e+01,1.210249870292776109e+01,1.227622212311013783e+01,1.239921500169594992e+01
5.400000000000000355e+00,1.516190305772451580e-10,3.728349845309550544e-05,3.808566189717351683e-05,1.145343322007548181e+01,1.168361805763956340e+01,1.199042540330501794e+01,1.217007943224482602e+01,1.229785235958173928e+01
5.450000000000000178e+00,1.516183667115247000e-10,4.182689734116240386e-05,4.273272194031908701e-05,1.132797307867157599e+01,1.156468987178816832e+01,1.187955955326399504e+01,1.206537584452725298e+01,1.219817470414758276e+01
5.500000000000000000e+00,1.516176218453955744e-10,4.692767155063520270e-05,4.794678484430107897e-05,1.120133632994574668e+01,1.144483200869379402e+01,1.176816413588515786e+01,1.196054391975802389e+01,1.209877373619831786e+01
5.549999999999999822e+00,1.516167860962090490e-10,5.264719586286750248e-05,5.379702914987294522e-05,1.107497155837400271e+01,1.132517026263370497e+01,1.165705914568728474e+01,1.185617747716588610e+01,1.200008364692114071e+01
5.599999999999999645e+00,1.516158483756829159e-10,5.906306538404126677e-05,6.036107283277461521e-05,1.094829375978653729e+01,1.120513875115433677e+01,1.154572142298859205e+01,1.175180345225236067e+01,1.190169395624781146e+01
5.650000000000000355e+00,1.516147962428519139e-10,6.626910861924650321e-05,6.772600264991875867e-05,1.081899447348870069e+01,1.108269804144326542e+01,1.143233219005855972e+01,1.164578941119867750e+01,1.180215450065804106e+01
5.700000000000000178e+00,1.516136157390910536e-10,7.433517228264927305e-05,7.598952897584589409e-05,1.069213169313061229e+01,1.096206732316145604e+01,1.132034376962656097e+01,1.154097972540812123e+01,1.170374853491431111e+01
5.750000000000000000e+00,1.516122912030283711e-10,8.340518210477759244e-05,8.526128141453037331e-05,1.056460745855845573e+01,1.084057687590801322e+01,1.120743476418473250e+01,1.143531812268410874e+01,1.160466649864105193e+01
5.799999999999999822e+00,1.516108050628981932e-10,9.361935910251719859e-05,9.566426232576664306e-05,1.043349506870077192e+01,1.071564439272160030e+01,1.109126699661538851e+01,1.132664925883216966e+01,1.150291400034761580e+01
5.849999999999999645e+00,1.516091376035886716e-10,1.050409065870363829e-04,1.073364774924745729e-04,1.030337457765284626e+01,1.059116667565906766e+01,1.097514884274069402e+01,1.121781714491343251e+01,1.140088067874457778e+01
5.900000000000000355e+00,1.516072667053038912e-10,1.178391818999501614e-04,1.204327654860564475e-04,1.017221539851414036e+01,1.046537670013132271e+01,1.085754943714666609e+01,1.110750242044966285e+01,1.129743944088652086e+01
5.950000000000000178e+00,1.516051675503870988e-10,1.322139100375921070e-04,1.351268499034839689e-04,1.003834710038716338e+01,1.033679657707008914e+01,1.073706714947617513e+01,1.099429615991623876e+01,1.119110492460626460e+01
6.000000000000000000e+00,1.516028122944329937e-10,1.483350386768278082e-04,1.516136415823753753e-04,9.904753597531836817e+00,1.020806229813103982e+01,1.061596542876999649e+01,1.088006989790826395e+01,1.108333061159120803e+01
6.049999999999999822e+00,1.516001696973471571e-10,1.663864964283415248e-04,1.701118211831126911e-04,9.771268989743639111e+00,1.007905595082026196e+01,1.049415237790019262e+01,1.076474686264252512e+01,1.097404051907066957e+01
6.099999999999999645e+00,1.515972047094865764e-10,1.866235121986344633e-04,1.908667362072993454e-04,9.635437281875908866e+00,9.947575449247572976e+00,1.036965563319135697e+01,1.064659924311419559e+01,1.086183040102954322e+01
6.150000000000000355e+00,1.515938780074244819e-10,2.092980711220196108e-04,2.141536506417549858e-04,9.498846557756053244e+00,9.815017279674755457e+00,1.024374615920801546e+01,1.052682527777479038e+01,1.074793817184561817e+01
6.200000000000000178e+00,1.515901454732260119e-10,2.346747444298769101e-04,2.402813900311074669e-04,9.362543040033322939e+00,9.682325820403121952e+00,1.011727383097527166e+01,1.040617988829394136e+01,1.063301156169752204e+01
6.250000000000000000e+00,1.515859576103808932e-10,2.631669416996219348e-04,2.695964299467899609e-04,9.221657402790427227e+00,9.545065357957128072e+00,9.986074832432755954e+00,1.028078962605323454e+01,1.051350515449091461e+01
6.299999999999999822e+00,1.515812588887158942e-10,2.951035825821628059e-04,3.024874816019859853e-04,9.078181323372248812e+00,9.405028453924295206e+00,9.851819181324394492e+00,1.015218409795666332e+01,1.039077326430981429e+01
6.349999999999999645e+00,1.515759870096841380e-10,3.308923424614751961e-04,3.393906348243025156e-04,8.932308860763477298e+00,9.262387235205814306e+00,9.714661753464810090e+00,1.002047176304915865e+01,1.026485303648722436e+01
6.400000000000000355e+00,1.515700720823966137e-10,3.709709208760272685e-04,3.807951258369651586e-04,8.782672781091392267e+00,9.115366578230364780e+00,9.572639496771252254e+00,9.883412365705439129e+00,1.013345808748660204e+01
6.450000000000000178e+00,1.515634356996052610e-10,4.157372557730187662e-04,4.272498053763874762e-04,8.629537870730047189e+00,8.963251583406510292e+00,9.424526633192151337e+00,9.739057694736544590e+00,9.994345881296162304e+00
6.500000000000000000e+00,1.515559899015572772e-10,4.660883201581503981e-04,4.793703917122169294e-04,8.469110887592648851e+00,8.802651399837607471e+00,9.267054479725722160e+00,9.584450239672484884e+00,9.844609663797562860e+00
6.549999999999999822e+00,1.515476360141985439e-10,5.228841437607099777e-04,5.378476032234175488e-04,8.292788823322986502e+00,8.626348176089194908e+00,9.093573590099950366e+00,9.414778538552177167e+00,9.680021559853052793e+00
6.599999999999999645e+00,1.515382633465957463e-10,5.867219177700985343e-04,6.034562764429327172e-04,8.077618472316409282e+00,8.358205449375745388e+00,8.806786416285433461e+00,9.119496148587266759e+00,9.370924719958367177e+00
6.650000000000000355e+00,1.515277477306528654e-10,6.582591322762878106e-04,6.770655880431274533e-04,7.882332346035056503e+00,8.080112297838411450e+00,8.482628022383124744e+00,8.765937994039404657e+00,8.980785241081129300e+00
6.700000000000000178e+00,1.515159498841970524e-10,7.381744452749784257e-04,7.596505132337021257e-04,7.723063689817408317e+00,7.846833723050991694e+00,8.204292602971456461e+00,8.457977459047796742e+00,8.639576453430763081e+00
6.750000000000000000e+00,1.515027135762836555e-10,8.274280659502210398e-04,8.523046686276823181e-04,7.560842921625038571e+00,7.603726369206299296e+00,7.934326155723020690e+00,8.173260957254328218e+00,8.335694211929812525e+00
6.799999999999999822e+00,1.514878635710911293e-10,9.267283647783280216e-04,9.562547049753539414e-04,7.435397169304266640e+00,7.400036178986468371e+00,7.683412795241530091e+00,7.892285514991186801e+00,8.025848406210506880e+00
6.849999999999999645e+00,1.514712033240257466e-10,1.036938423692755629e-03,1.072876434432888920e-03,7.354824942540389543e+00,7.267012861727501161e+00,7.479625809139918147e+00,7.637214768709718271e+00,7.729161433381491975e+00
6.900000000000000355e+00,1.514525124005991831e-10,1.159337703370204829e-03,1.203712898419026251e-03,7.285624699438244534e+00,7.172480084326949168e+00,7.335260182646280214e+00,7.446625935995371037e+00,7.495278990116560180e+00
6.950000000000000178e+00,1.514315435852571212e-10,1.295289031655978435e-03,1.350494605813392333e-03,7.221426325171023564e+00,7.096229991406111992e+00,7.242496887268337957e+00,7.322612773180019019e+00,7.323868486549685031e+00
7.000000000000000000e+00,1.514080196435922158e-10,1.446342428262261792e-03,1.515162197467818375e-03,7.167098781349729109e+00,7.038626866368453250e+00,7.180882153421592307e+00,7.236836928726880558e+00,7.188776474844956965e+00
7.049999999999999822e+00,1.513816296972367180e-10,1.614257352148485520e-03,1.699891821956057937e-03,7.120357533249695337e+00,6.991947327667098477e+00,7.128880858172379931e+00,7.162462672462652336e+00,7.071133555261873482e+00
7.099999999999999645e+00,1.513520251661755174e-10,1.800982340836268297e-03,1.907123539384658400e-03,7.078127387120247249e+00,6.951442849089033871e+00,7.084726083495240800e+00,7.097701460173865939e+00,6.967771581204161180e+00
7.150000000000000355e+00,1.513188152282102081e-10,2.008684422660159206e-03,2.139593105141794540e-03,7.039703135216562657e+00,6.916226957034218970e+00,7.047992994366985897e+00,7.041006235507147437e+00,6.876852349757953675e+00
7.200000000000000178e+00,1.512815617398209659e-10,2.239782456610609190e-03,2.400367523866530056e-03,7.001789231870361618e+00,6.874490484503681387e+00,6.998175604902435509e+00,6.977187336576122334e+00,6.797580743094961520e+00
7.250000000000000000e+00,1.512397735566798901e-10,2.496961517482883166e-03,2.692884805853940425e-03,6.962106716611849322e+00,6.822086640788477041e+00,6.936446744670277553e+00,6.910220411844647970e+00,6.730942593975086652e+00
7.299999999999999822e+00,1.511929001855592721e-10,2.783208661955121049e-03,3.020998403698337345e-03,6.925026585257050726e+00,6.777391552048499079e+00,6.889064347286563361e+00,6.856191550617388941e+00,6.671617160617046238e+00
7.349999999999999645e+00,1.511403246923293775e-10,3.101942049582039323e-03,3.389026856307539911e-03,6.891910868389182099e+00,6.743157772234248171e+00,6.851228164534333587e+00,6.807533293978913491e+00,6.613844789611192709e+00
7.400000000000000355e+00,1.510813557831632273e-10,3.456984760392626220e-03,3.801809220470612864e-03,6.857945940495291381e+00,6.703826828295142093e+00,6.807249769970475484e+00,6.756741564745574635e+00,6.559514640006455011e+00
7.450000000000000178e+00,1.510152189679704538e-10,3.852491780636082240e-03,4.264766926820050957e-03,6.822396384628504507e+00,6.659599795885981166e+00,6.761186256961565277e+00,6.707375089227710419e+00,6.509358512121409035e+00
7.500000000000000000e+00,1.509410467065158675e-10,4.293086439809485483e-03,4.783972757002197089e-03,6.785935815065492704e+00,6.613288369726866733e+00,6.715451417418847768e+00,6.660351050731712519e+00,6.462858095356452282e+00
7.549999999999999822e+00,1.508578674287074193e-10,4.783977406398653466e-03,5.366227701661251126e-03,6.749567826663565029e+00,6.566292414666172306e+00,6.669084653002933294e+00,6.613878128578704718e+00,6.418274207207616655e+00
7.599999999999999645e+00,1.507645933112774608e-10,5.330925630338725039e-03,6.019146523671034012e-03,6.714124873123793691e+00,6.519809067200817765e+00,6.621912825376135459e+00,6.566441804258616344e+00,6.373214743827020357e+00
7.650000000000000355e+00,1.506600066836945193e-10,5.940080066774313869e-03,6.751252916751513365e-03,6.679568154696688964e+00,6.473110904263300824e+00,6.572990975987735851e+00,6.517049656622013742e+00,6.326642102848268223e+00
7.700000000000000178e+00,1.505427449268654522e-10,6.618059018450013140e-03,7.572085214555034430e-03,6.646130980410816846e+00,6.427478362051189720e+00,6.524488728787709135e+00,6.468440744686532184e+00,6.281424376448320857e+00
7.750000000000000000e+00,1.504112837193402212e-10,7.372656368154169478e-03,8.492313667231609839e-03,6.613778600549693465e+00,6.383768673803025706e+00,6.477349608092247024e+00,6.421465840710240514e+00,6.238229901122998911e+00
7.799999999999999822e+00,1.502639184777546351e-10,8.212756909027082650e-03,9.523870358330835742e-03,6.582081375726644978e+00,6.340947783919276048e+00,6.430538351412025122e+00,6.374902974818475343e+00,6.195635216381404575e+00
7.849999999999999645e+00,1.500987438317147340e-10,9.147906334277014842e-03,1.068009288061018414e-02,6.550885833992317941e+00,6.298661698030706191e+00,6.384427068363024205e+00,6.329272657729184459e+00,6.154120642859155055e+00
7.900000000000000355e+00,1.499136309690086814e-10,1.018898089513905515e-02,1.197588291955244653e-02,6.520592433684960554e+00,6.257140207366433060e+00,6.338451279841784469e+00,6.283386592416896121e+00,6.112127076062662923e+00
7.950000000000000178e+00,1.497062026859126500e-10,1.134773548504941845e-02,1.342788090122462065e-02,6.491210914586247327e+00,6.216119031259509597e+00,6.292621022816319964e+00,6.237466897426003243e+00,6.069894191605804679e+00
8.000000000000000000e+00,1.494738059807140143e-10,1.263677443857088092e-02,1.505465783761508747e-02,6.462697247344429741e+00,6.175572352270890519e+00,6.247466799412521254e+00,6.192342703001145310e+00,6.028406863217583123e+00
8.050000000000000711e+00,1.492134820380317495e-10,1.407053984104022007e-02,1.687692543639091741e-02,6.435072920741944813e+00,6.135373615589273300e+00,6.202825875429823554e+00,6.147891857067676824e+00,5.987524424448366744e+00
8.099999999999999645e+00,1.489219334691267334e-10,1.566517805665964408e-02,1.891776541872594933e-02,6.408288293633802368e+00,6.095517098734489991e+00,6.158974083399755273e+00,6.104488753964496084e+00,5.947571842653545104e+00
8.150000000000000355e+00,1.485954887017494670e-10,1.743870461455721346e-02,2.120287879036702322e-02,6.382220918176734870e+00,6.055768447614987338e+00,6.115690798502953385e+00,6.061995121811932563e+00,5.908583209994617391e+00
8.199999999999999289e+00,1.482300634553879808e-10,1.941109853833312276e-02,2.376085551489745540e-02,6.356851162621019569e+00,6.015937933852384845e+00,6.072499165735514737e+00,6.019807419626708622e+00,5.869987083761920132e+00
8.250000000000000000e+00,1.478211192980426287e-10,2.160372314045677991e-02,2.662346461631494993e-02,6.332467280749696670e+00,5.976211955720543756e+00,6.029217091010728780e+00,5.977449570210985996e+00,5.831099510727362656e+00
8.300000000000000711e+00,1.473636193637529821e-10,2.403950417543406978e-02,2.982596415634236262e-02,6.309192126935769807e+00,5.936844389575981040e+00,5.986353554911254093e+00,5.935512344656821426e+00,5.792479788331668544e+00
8.349999999999999645e+00,1.468519814219859975e-10,2.674427723641930460e-02,3.340742974871133836e-02,6.286980304097625094e+00,5.897858561560198609e+00,5.944191030675540333e+00,5.894504644840523611e+00,5.754892616740789890e+00
8.400000000000000355e+00,1.462800286378251937e-10,2.974715651821563389e-02,3.741109923783688535e-02,6.265937934631644168e+00,5.859314108661976661e+00,5.902568438192361100e+00,5.854135394850942475e+00,5.718013657311892928e+00
8.449999999999999289e+00,1.456409385542098077e-10,3.307911782169706272e-02,4.188472982314448562e-02,6.246170555726990870e+00,5.821383351722879240e+00,5.861541743309693686e+00,5.814314117545379190e+00,5.681617753585726405e+00
8.500000000000000000e+00,1.449271910742826522e-10,3.677433660934520399e-02,4.688096218263469728e-02,6.227739520094452530e+00,5.784242556121867551e+00,5.821101734012835038e+00,5.774902748576728584e+00,5.645507615818033287e+00
8.550000000000000711e+00,1.441305165348152905e-10,4.087067397920207679e-02,5.245768395890609836e-02,6.210637036661644572e+00,5.748013692049404710e+00,5.781178626570984136e+00,5.735706328825479261e+00,5.609387045167281372e+00
8.599999999999999645e+00,1.432418453538208588e-10,4.540838921546187790e-02,5.867838222586716640e-02,6.194848992334840432e+00,5.712927403827194439e+00,5.741963470819129611e+00,5.696943684411671427e+00,5.573517271246700489e+00
8.650000000000000355e+00,1.422512612213473515e-10,5.043104121056068284e-02,6.561247115318183387e-02,6.180455686119195491e+00,5.679283760265747105e+00,5.703551072144918521e+00,5.658560989462017687e+00,5.537662066722724319e+00
8.699999999999999289e+00,1.411479603975092014e-10,5.598579468430628370e-02,7.333557692004871731e-02,6.167553097401821560e+00,5.647248469959556871e+00,5.665968674386206771e+00,5.620522931851695603e+00,5.501737555059378337e+00
8.750000000000000000e+00,1.399202204016483944e-10,6.212278883456943263e-02,8.192975689107447057e-02,6.156265133381154442e+00,5.616951588927676653e+00,5.629270667439911335e+00,5.582824249971018560e+00,5.465699721686306134e+00
8.800000000000000711e+00,1.385553822355375024e-10,6.889606061647522706e-02,9.148362405385063179e-02,6.146722162089048425e+00,5.588526050949980117e+00,5.593416787694053482e+00,5.545248203150222821e+00,5.429144456770515603e+00
8.849999999999999645e+00,1.370398512929279684e-10,7.636299778014754569e-02,1.020923406521173221e-01,6.138965574055127661e+00,5.562159929613677889e+00,5.558655378145722636e+00,5.508416748001302210e+00,5.393321377062811450e+00
8.900000000000000355e+00,1.353591232723993413e-10,8.458031125060846978e-02,1.138574367958176820e-01,6.133071276632513502e+00,5.538184192779041837e+00,5.525263137146794179e+00,5.472500401265961045e+00,5.358233200785612382e+00
8.949999999999999289e+00,1.334978427245889548e-10,9.360742102657726438e-02,1.268864006304906145e-01,6.129165438620290729e+00,5.516858676024554597e+00,5.493284546204698415e+00,5.437119380329491491e+00,5.322836832174402844e+00
9.000000000000000000e+00,1.314399033059031418e-10,1.035093553383191894e-01,1.412919765612913325e-01,6.127341482004183604e+00,5.498170467089536828e+00,5.462601251243782485e+00,5.402356380186070339e+00,5.287640677441132198e+00
9.050000000000000711e+00,1.291686003312040199e-10,1.143476544867041700e-01,1.571910973841850467e-01,6.127703739313126619e+00,5.481722101940690095e+00,5.431836054834136007e+00,5.366209881100068912e+00,5.250237544689746017e+00
9.099999999999999645e+00,1.266668477345682654e-10,1.261787108223227649e-01,1.747033655606353986e-01,6.130358973720532845e+00,5.466863550910147751e+00,5.399187471090925783e+00,5.325512912077314809e+00,5.206010909991547919e+00
9.150000000000000355e+00,1.239174729279380724e-10,1.390009605378801638e-01,1.939489892070467014e-01,6.136194766812536727e+00,5.455868659416232447e+00,5.369706118436390341e+00,5.286476751944441332e+00,5.161250539633925882e+00
9.199999999999999289e+00,1.209036040953437101e-10,1.528489960927054137e-01,2.150460710352071481e-01,6.145899575802481252e+00,5.450454102381421251e+00,5.347379036601935809e+00,5.255051345126489082e+00,5.123489952110467982e+00
9.250000000000000000e+00,1.176091648956488111e-10,1.678232703093255895e-01,2.381071454330715986e-01,6.159320014423286693e+00,5.449323046923751690e+00,5.329750107376213464e+00,5.228682621279162390e+00,5.090924536407150924e+00
9.300000000000000711e+00,1.140194909888882965e-10,1.839722180332493129e-01,2.632348627803951513e-01,6.176668612576122541e+00,5.452258137212339761e+00,5.316143298198511502e+00,5.206384823261679173e+00,5.062409626199240620e+00
9.349999999999999645e+00,1.101220807535464053e-10,2.013317809156701110e-01,2.905167344277883590e-01,6.198273011799386722e+00,5.459444909085668485e+00,5.306708699171366561e+00,5.188318647894661240e+00,5.038033479256434077e+00
9.400000000000000355e+00,1.059074884049761346e-10,2.199227527143202687e-01,3.200188808677802976e-01,6.224503391497563598e+00,5.471001407948008932e+00,5.301281098177142326e+00,5.174131759881731796e+00,5.017389207773263138e+00
9.449999999999999289e+00,1.013703607259706531e-10,2.397366131225547037e-01,3.517787746208185795e-01,6.255820689753626596e+00,5.487303824392988361e+00,5.300250067499227669e+00,5.164248735084079556e+00,5.000913393269634355e+00
9.500000000000000000e+00,9.651060797266579094e-11,2.607400169141137480e-01,3.857970438939526958e-01,6.292757961114425314e+00,5.508903615704717538e+00,5.304325484707604232e+00,5.159499092345328108e+00,4.989504434390013898e+00
9.550000000000000711e+00,9.133468442639029195e-11,2.828751381839988976e-01,4.220285087178811123e-01,6.335819010326126488e+00,5.535985011359507268e+00,5.313329961871168905e+00,5.159503446897026890e+00,4.982669609790242760e+00
9.599999999999999645e+00,8.585693388899892962e-11,3.060432226065716299e-01,4.603727624796207230e-01,6.385620747721240775e+00,5.569068605331366939e+00,5.327780897677456551e+00,5.164816219288205446e+00,4.980987464772937301e+00
9.650000000000000355e+00,8.010092992643348423e-11,3.301048254201633392e-01,5.006647902175788145e-01,6.442871704552516121e+00,5.608771840227937844e+00,5.348289201190368658e+00,5.176049820099350995e+00,4.985031720811733180e+00
9.699999999999999289e+00,7.410071034876725472e-11,3.548793657375396982e-01,5.426663272612424205e-01,6.508309003640981416e+00,5.655647722920761566e+00,5.375297853193316655e+00,5.193597845145461633e+00,4.995093180417946144e+00
9.750000000000000000e+00,6.790177194812855847e-11,3.801377507630862573e-01,5.860588960657132640e-01,6.582794268980478591e+00,5.710356867152540872e+00,5.409358688966918294e+00,5.218010316317418074e+00,5.011846919107163956e+00
9.800000000000000711e+00,6.156165826353191654e-11,4.056058060355221540e-01,6.304396918578898390e-01,6.667532146079537370e+00,5.773830550372551329e+00,5.451156267895179042e+00,5.249863569135314378e+00,5.035828438486490199e+00
9.849999999999999645e+00,5.514994565993877297e-11,4.309579908056752062e-01,6.753216800830417199e-01,6.763807910005255053e+00,5.846921014755878332e+00,5.501209327246549208e+00,5.289525875492813611e+00,5.067080814377007414e+00
9.900000000000000355e+00,4.874741936300546142e-11,4.558379607786051668e-01,7.201393641615749797e-01,6.872954182736563666e+00,5.930855830468743761e+00,5.560883873909943986e+00,5.338505450667227592e+00,5.107333674640642585e+00
9.949999999999999289e+00,4.244424171999865547e-11,4.798693583088683989e-01,7.642616076626226329e-01,6.996403774907449247e+00,6.026664802301333168e+00,5.630984454286867447e+00,5.397457050118696031e+00,5.157169865614996240e+00
1.000000000000000000e+01,3.633696171761226626e-11,5.026496386125611782e-01,8.070125676793273861e-01,7.135607111970436733e+00,6.134987169237881233e+00,5.711684821109223265e+00,5.466348985683097794e+00,5.216288579028628192e+00
1.005000000000000071e+01,3.052430876283617189e-11,5.237813179960870702e-01,8.477011383627599539e-01,7.292193834474431924e+00,6.256693516213360340e+00,5.803548000464665790e+00,5.545610741081048900e+00,5.284882765431646590e+00
1.009999999999999964e+01,2.510186150521735557e-11,5.428997985222283607e-01,8.856582691660918050e-01,7.467819821455513818e+00,6.392382120830617964e+00,5.906776292362849290e+00,5.635432379574055517e+00,5.363246846301251480e+00
1.015000000000000036e+01,2.015588092037752497e-11,5.596966285406180797e-01,9.202801332599704898e-01,7.664092733885212283e+00,6.542013113618445175e+00,6.020607097878752256e+00,5.734800487055970564e+00,5.450150056594004866e+00
1.019999999999999929e+01,1.575682727061218213e-11,5.739346660643044329e-01,9.510735088083279720e-01,7.882511021690085329e+00,6.705061815889926891e+00,6.143676617628713643e+00,5.841824085900363173e+00,5.543016609871578737e+00
1.025000000000000000e+01,1.195330397869087973e-11,5.855011538882949340e-01,9.776981718517770981e-01,8.124482105827105727e+00,6.883326174734058611e+00,6.279503703837995943e+00,5.961344168303845947e+00,5.647995887209802390e+00
1.030000000000000071e+01,8.767328528944734596e-12,5.944222568026197306e-01,1.000000000000000000e+00,8.389497265580530438e+00,7.073943114582050384e+00,6.424961364085461923e+00,6.090244319329954692e+00,5.761839802485006601e+00
