# log_age,instantaneous_sfr,integrated_stellar_mass,integrated_formed_mass,g,r
5.000000000000000000e+00,4.999982446542223419e-10,4.898896096129783952e-05,5.000107448190860781e-05,1.134799786920814313e+01,1.161765145493259865e+01
5.049999999999999822e+00,4.999951942128792573e-10,5.496621935290309864e-05,5.610195716801137872e-05,1.122458083145497199e+01,1.149486446561064668e+01
5.099999999999999645e+00,4.999917715835538128e-10,6.167339767181331627e-05,6.294721581893282611e-05,1.110271002216666147e+01,1.137514066867426976e+01
5.150000000000000355e+00,4.999879313581800344e-10,6.918687296423416870e-05,7.062766656654524591e-05,1.098338492695577173e+01,1.125900071708775130e+01
5.200000000000000178e+00,4.999836225895550409e-10,7.761497744169242356e-05,7.924520381655155831e-05,1.086462499224309397e+01,1.114459098762124256e+01
5.250000000000000000e+00,4.999787881158469162e-10,8.708106927045523209e-05,8.891415123277593218e-05,1.074424324198702152e+01,1.102996934684720998e+01
5.299999999999999822e+00,4.999733638027790844e-10,9.768714832726391162e-05,9.976277736841077006e-05,1.062591371931616635e+01,1.091790739549809075e+01
5.349999999999999645e+00,4.999672776934729977e-10,1.095830576789769080e-04,1.119349959806802971e-04,1.050806320034855901e+01,1.080699140748242826e+01
5.400000000000000355e+00,4.999604490547131303e-10,1.229470359984877062e-04,1.255922735003242488e-04,1.038811543954304284e+01,1.069492377332866795e+01
5.450000000000000178e+00,4.999527873070382790e-10,1.379287110705156450e-04,1.409157688501428687e-04,1.026919337731089144e+01,1.058406432251046425e+01
5.500000000000000000e+00,4.999441908245327910e-10,1.547481146117319327e-04,1.581087338610986102e-04,1.014934232124756619e+01,1.047267602807575315e+01
5.549999999999999822e+00,4.999345455884866149e-10,1.736075508775869480e-04,1.773992059533391406e-04,1.002968823522044772e+01,1.036157904051466971e+01
5.599999999999999645e+00,4.999237236771719525e-10,1.947627911220019910e-04,1.990430285827287521e-04,9.909665277389379412e+00,1.025025025218876351e+01
5.650000000000000355e+00,4.999115815718435386e-10,2.185231084607069225e-04,2.233272392394692436e-04,9.787234000705048231e+00,1.013687088425297134e+01
5.700000000000000178e+00,4.998979582566685843e-10,2.451186513034314955e-04,2.505738695894378664e-04,9.666614034939684075e+00,1.002489365510255936e+01
5.750000000000000000e+00,4.998826730876018086e-10,2.750238146509192592e-04,2.811442077231552359e-04,9.545135562974060406e+00,9.911997099709651593e+00
5.799999999999999822e+00,4.998655234022196575e-10,3.087007104218607930e-04,3.154435784874336777e-04,9.420216176706354361e+00,9.795842958087007446e+00
5.849999999999999645e+00,4.998462818391622235e-10,3.463573872847909791e-04,3.539267046022448351e-04,9.295753267775573647e+00,9.679740146439698378e+00
5.900000000000000355e+00,4.998246933320732860e-10,3.885518721296260048e-04,3.971037187801271565e-04,9.169979750869998725e+00,9.562157768020810522e+00
5.950000000000000178e+00,4.998004717387293004e-10,4.359422078892423143e-04,4.455469054680129119e-04,9.041417765361124737e+00,9.441694221913003560e+00
6.000000000000000000e+00,4.997732960613574268e-10,4.890880851935866048e-04,4.998982602118428806e-04,8.912703899731887702e+00,9.320613513607497680e+00
6.049999999999999822e+00,4.997428062089045692e-10,5.485951043975992097e-04,5.608779651174459124e-04,8.783720493269328244e+00,9.198824000356054853e+00
6.099999999999999645e+00,4.997085982461816722e-10,6.153037583102339289e-04,6.292938905633598803e-04,8.652265298731855125e+00,9.074353189878557657e+00
6.150000000000000355e+00,4.996702190682926473e-10,6.900435247578334255e-04,7.060522463412388389e-04,8.519735446188235528e+00,8.948472667458673868e+00
6.200000000000000178e+00,4.996271604315126474e-10,7.736850139591791662e-04,7.921695199014547979e-04,8.387075839878960437e+00,8.822032821816037540e+00
6.250000000000000000e+00,4.995788522637061922e-10,8.675891709429047870e-04,8.887858555142363936e-04,8.249849961360901318e+00,8.690869065478914024e+00
6.299999999999999822e+00,4.995246551684172844e-10,9.728376930432316863e-04,9.971800460920640478e-04,8.109851318972530976e+00,8.556652335951554278e+00
6.349999999999999645e+00,4.994638520268046073e-10,1.090771234751801043e-03,1.118786329317494584e-03,7.967252437503603346e+00,8.419537902650901628e+00
6.400000000000000355e+00,4.993956385905702299e-10,1.222828488916043307e-03,1.255213201786183931e-03,7.820278056676144729e+00,8.277562474818083160e+00
6.450000000000000178e+00,4.993191129468200279e-10,1.370315839063637785e-03,1.408264489286490881e-03,7.668213393860597193e+00,8.129500150164474803e+00
6.500000000000000000e+00,4.992332637223137768e-10,1.536183839222820136e-03,1.579962938299055500e-03,7.507666523800558878e+00,7.972081173747433525e+00
6.549999999999999822e+00,4.991369568797051551e-10,1.723259102560412842e-03,1.772576623516369928e-03,7.331416306281319351e+00,7.798653006250923170e+00
6.599999999999999645e+00,4.990289209420383933e-10,1.933499033716803419e-03,1.988648498849737104e-03,7.063285148242336220e+00,7.511864922942578460e+00
6.650000000000000355e+00,4.989077304638685224e-10,2.169056822475223280e-03,2.231029455189490526e-03,6.785217072885750156e+00,7.187708027369495767e+00
6.700000000000000178e+00,4.987717875478149440e-10,2.432151775216878555e-03,2.502915287296666579e-03,6.552001827114501964e+00,6.909416612308149297e+00
6.750000000000000000e+00,4.986193011840918466e-10,2.725926951953376413e-03,2.807888014743034621e-03,6.308962594608473751e+00,6.639511716879276548e+00
6.799999999999999822e+00,4.984482641675258404e-10,3.052689077753583443e-03,3.149962047875040812e-03,6.105381993358847126e+00,6.388684644126819023e+00
6.849999999999999645e+00,4.982564273217879205e-10,3.415248080854757853e-03,3.533635739350745372e-03,5.972537573184240500e+00,6.185030446628822176e+00
6.900000000000000355e+00,4.980412707340668971e-10,3.817778015752028992e-03,3.963948914792815408e-03,5.878236292984460931e+00,6.040860955003616084e+00
6.950000000000000178e+00,4.977999716753369209e-10,4.264716604854199705e-03,4.446547032252753766e-03,5.802260915209174641e+00,5.948364797551398908e+00
7.000000000000000000e+00,4.975293688519283412e-10,4.761104845417678949e-03,4.987752679069866989e-03,5.744987135687281921e+00,5.887082105989378533e+00
7.049999999999999822e+00,4.972259226036603422e-10,5.312656845913647959e-03,5.594645175606016360e-03,5.698690091842308902e+00,5.835460744209200357e+00
7.099999999999999645e+00,4.968856706328523871e-10,5.925688293873144705e-03,6.275149117221712203e-03,5.658622632298914823e+00,5.791741413110834458e+00
7.150000000000000355e+00,4.965041788178455814e-10,6.607208020535972059e-03,7.038132747235514679e-03,5.623905104800812182e+00,5.755508108624653119e+00
7.200000000000000178e+00,4.960764866352496963e-10,7.365021124853466349e-03,7.893517112427167470e-03,5.582700906078599701e+00,5.706204248360172926e+00
7.250000000000000000e+00,4.955970466884006315e-10,8.207767941739656237e-03,8.852397006125301351e-03,5.530850359379655856e+00,5.645005672959364063e+00
7.299999999999999822e+00,4.950596578172813770e-10,9.145031411064539692e-03,9.927174748363883430e-03,5.486805445523948777e+00,5.598271174874440703e+00
7.349999999999999645e+00,4.944573912499076684e-10,1.018774963269080715e-02,1.113170788311123975e-02,5.453344727041340434e+00,5.561197481206988869e+00
7.400000000000000355e+00,4.937825092500319814e-10,1.134811270233074786e-02,1.248147188286263462e-02,5.414846584023983667e+00,5.518034957294219112e+00
7.450000000000000178e+00,4.930263757250840720e-10,1.263930151856347550e-02,1.399373893275844896e-02,5.371518222835476308e+00,5.472868682294773635e+00
7.500000000000000000e+00,4.921793582867428876e-10,1.407591220221015606e-02,1.568777380944088792e-02,5.326195473259055291e+00,5.428136715366655096e+00
7.549999999999999822e+00,4.912307213110157896e-10,1.567430996634758267e-02,1.758504776089499580e-02,5.280299767079753792e+00,5.382884655787158579e+00
7.599999999999999645e+00,4.901685096334974201e-10,1.745248013761096714e-02,1.970947111593168710e-02,5.235051531171471595e+00,5.336950439342558639e+00
7.650000000000000355e+00,4.889794226489287644e-10,1.942943787246303664e-02,2.208764508506904506e-02,5.189732971042737120e+00,5.289394122518018548e+00
7.700000000000000178e+00,4.876486787751132024e-10,2.162543715037920991e-02,2.474913283270020747e-02,5.145657032909319639e+00,5.242424741848033420e+00
7.750000000000000000e+00,4.861598705053976807e-10,2.406422498373727431e-02,2.772674937213127563e-02,5.103714493432427446e+00,5.197017731115749939e+00
7.799999999999999822e+00,4.844948106304835478e-10,2.677266526807304745e-02,3.105686912195954053e-02,5.062883272211351482e+00,5.152148697329323568e+00
7.849999999999999645e+00,4.826333706823984001e-10,2.977920609544263894e-02,3.477974901812994762e-02,5.022832104858188984e+00,5.108221774977607765e+00
7.900000000000000355e+00,4.805533132686214791e-10,3.311594480176011102e-02,3.893986384568380588e-02,4.983824931784234025e+00,5.064691383473537201e+00
7.950000000000000178e+00,4.782301207550613497e-10,3.681695881155549327e-02,4.358624887280388577e-02,4.945626866004033673e+00,5.021600243644428474e+00
8.000000000000000000e+00,4.756368237604551124e-10,4.091799849737607492e-02,4.877284286201649666e-02,4.908249027968750511e+00,4.979525791432330095e+00
8.050000000000000711e+00,4.727438341845339043e-10,4.545947922873394553e-02,5.455882201385883756e-02,4.871603643232937486e+00,4.938343296561441775e+00
8.099999999999999645e+00,4.695187890553397174e-10,5.048570906872914404e-02,6.100891227224726487e-02,4.835730954742572862e+00,4.898382542323105326e+00
8.150000000000000355e+00,4.659264133980283806e-10,5.604502963958136325e-02,6.819366358686991536e-02,4.800439856908496949e+00,4.859468234796679553e+00
8.199999999999999289e+00,4.619284126499297811e-10,6.218962999772715411e-02,7.618966508306702912e-02,4.765588867642641446e+00,4.821162626609371671e+00
8.250000000000000000e+00,4.574834079228088585e-10,6.897304288698291597e-02,8.507967453730901075e-02,4.731433033923849507e+00,4.783336467957937543e+00
8.300000000000000711e+00,4.525469306818333230e-10,7.645002525079765132e-02,9.495262901925996535e-02,4.698306925018208347e+00,4.746588971808336055e+00
8.349999999999999645e+00,4.470714971909137170e-10,8.468013889295299135e-02,1.059034960010991899e-01,4.666313264722148801e+00,4.711294489043396538e+00
8.400000000000000355e+00,4.410067873518785976e-10,9.372789835800413027e-02,1.180329156791694867e-01,4.635602289121862896e+00,4.677370533478125481e+00
8.449999999999999289e+00,4.342999572737745877e-10,1.036568477950147310e-01,1.314465758353775271e-01,4.606455163755470039e+00,4.644973104803796105e+00
8.500000000000000000e+00,4.268961199031012486e-10,1.145325178728872767e-01,1.462542505767242262e-01,4.579171125525121511e+00,4.614198266160087769e+00
8.550000000000000711e+00,4.187390330678843837e-10,1.264222431822607795e-01,1.625684242471578111e-01,4.554005887342754022e+00,4.585087348689548037e+00
8.599999999999999645e+00,4.097720389242210195e-10,1.393888973788169061e-01,1.805024125344846242e-01,4.531351145902718258e+00,4.557977408709398048e+00
8.650000000000000355e+00,3.999393024221150116e-10,1.534915382854865062e-01,2.001678855386966605e-01,4.511696668175552816e+00,4.533115484598468470e+00
8.699999999999999289e+00,3.891873981411476565e-10,1.687837471188978478e-01,2.216716941006312835e-01,4.495406787246139402e+00,4.510689204880151237e+00
8.750000000000000000e+00,3.774672934731084823e-10,1.853085655965318601e-01,2.451119034367096605e-01,4.482829055310645572e+00,4.490930372457981434e+00
8.800000000000000711e+00,3.647367700576597186e-10,2.030983009019478869e-01,2.705729502676073039e-01,4.474338226163268928e+00,4.473976207595178778e+00
8.849999999999999645e+00,3.509633126128171652e-10,2.221691610886175616e-01,2.981198651572923297e-01,4.470401057319932647e+00,4.460316458562445519e+00
8.900000000000000355e+00,3.361274724683953077e-10,2.425045599037845001e-01,3.277915454461359790e-01,4.471688888982285448e+00,4.450497562494611259e+00
8.949999999999999289e+00,3.202266795654448900e-10,2.640631603377780467e-01,3.595931312520369016e-01,4.478827450890797479e+00,4.444809551421990079e+00
9.000000000000000000e+00,3.032794287776300814e-10,2.867850976879186553e-01,3.934876328276664115e-01,4.492134817407915648e+00,4.443344927056593008e+00
9.050000000000000711e+00,2.853297019476012434e-10,3.105596549801431516e-01,4.293870864877241122e-01,4.511434761044817776e+00,4.444542365734733380e+00
9.099999999999999645e+00,2.664514050170959603e-10,3.352197940324302405e-01,4.671436803487346578e-01,4.536167356248888893e+00,4.446143555419617144e+00
9.150000000000000355e+00,2.467525013419810904e-10,3.603728600559374384e-01,5.065414876989644544e-01,4.569857119377978449e+00,4.455207451820371034e+00
9.199999999999999289e+00,2.263784126945746024e-10,3.857248894018742158e-01,5.472896649937775138e-01,4.615457555733655681e+00,4.477671270165636486e+00
9.250000000000000000e+00,2.055141489090345414e-10,4.111676571603784525e-01,5.890181925648575456e-01,4.671619876777668878e+00,4.510529068116909457e+00
9.300000000000000711e+00,1.843845330139755139e-10,4.364029363270344741e-01,6.312774243549756914e-01,4.738460224579668534e+00,4.553135243864126380e+00
9.349999999999999645e+00,1.632518366191558087e-10,4.610927329248669659e-01,6.735428171446149470e-01,4.816663888869335608e+00,4.606009594859884260e+00
9.400000000000000355e+00,1.424101638767422243e-10,4.848721844552884574e-01,7.152261626294421637e-01,4.906688091075956493e+00,4.668997987128193472e+00
9.449999999999999289e+00,1.221760603536109347e-10,5.073332478449625871e-01,7.556943696757046913e-01,5.009353505663042938e+00,4.742808974431312663e+00
9.500000000000000000e+00,1.028751130229658950e-10,5.280768775489101952e-01,7.942962643369948506e-01,5.125649298923896424e+00,4.828556222837860901e+00
9.550000000000000711e+00,8.482477359273254655e-11,5.467522268364046756e-01,8.303969431974616011e-01,5.255513455634869047e+00,4.925371416648054890e+00
9.599999999999999645e+00,6.831427403172942668e-11,5.630448998773035507e-01,8.634179423194677794e-01,5.399220406336475264e+00,5.033452399517500453e+00
9.650000000000000355e+00,5.358325577258815500e-11,5.767219391160586239e-01,8.928799788377502766e-01,5.556758078364509856e+00,5.152790417822870950e+00
9.699999999999999289e+00,4.080148262460019655e-11,5.876638610275412011e-01,9.184435251337261796e-01,5.727223532497831116e+00,5.282456180882000751e+00
9.750000000000000000e+00,3.005256339811331944e-11,5.958650806251645227e-01,9.399413635866999961e-01,5.909113441298785574e+00,5.421152526792141657e+00
9.800000000000000711e+00,2.132473923833763006e-11,6.014511790809279335e-01,9.573970119062513717e-01,6.100921018197865919e+00,5.567350049935548384e+00
9.849999999999999645e+00,1.451127111582396073e-11,6.046426829669706571e-01,9.710239481512786819e-01,6.299704384295949922e+00,5.718245732835342210e+00
9.900000000000000355e+00,9.421679976136191826e-12,6.057845586094098289e-01,9.812031304306542134e-01,6.503548825223312235e+00,5.874044737502124747e+00
9.949999999999999289e+00,5.803144333124691086e-12,6.052990053220781430e-01,9.884402017166773469e-01,6.708500863882875365e+00,6.031885761531199819e+00
1.000000000000000000e+01,3.369130124410796862e-12,6.035832763797731593e-01,9.933082301341050746e-01,6.908833223741048357e+00,6.187158873252471381e+00
1.005000000000000071e+01,1.830450874865299858e-12,6.010157504181214971e-01,9.963855886331960399e-01,7.100659181514799911e+00,6.337255132444653327e+00
1.009999999999999964e+01,9.231417589789060462e-13,5.979333513959057544e-01,9.982002068649687976e-01,7.281055664909537484e+00,6.480270637716586180e+00
1.015000000000000036e+01,4.282564265341393189e-13,5.946011283591046137e-01,9.991899775298583863e-01,7.445846132909025528e+00,6.611151583288680911e+00
1.019999999999999929e+01,1.808999117207865901e-13,5.911773829544032521e-01,9.996846905594851673e-01,7.594678133602450032e+00,6.728368511191334278e+00
1.025000000000000000e+01,6.878686537812792175e-14,5.878227889207878754e-01,9.999089166521702987e-01,7.745458847958730075e+00,6.855327578217128348e+00
1.030000000000000071e+01,2.324519146333673953e-14,5.846583668418002810e-01,1.000000000000000000e+00,7.882032261101393544e+00,6.972915949189555818e+00
