# log_age,instantaneous_sfr,integrated_stellar_mass,integrated_formed_mass,g,r
5.500000000000000000e+00,3.363314609928959146e-10,1.061562303043498144e-04,1.063629522722671806e-04,1.054255433202483516e+01,1.104161810821294409e+01
5.549999999999999822e+00,3.363271351677051022e-10,1.191073911717510338e-04,1.193404278445334078e-04,1.041715156004704568e+01,1.091621758447580248e+01
5.599999999999999645e+00,3.363222815782462941e-10,1.336337725086869557e-04,1.339011962210633685e-04,1.029127405532446460e+01,1.079033506546713284e+01
5.650000000000000355e+00,3.363168358446878871e-10,1.499244325473002336e-04,1.502383968961633624e-04,1.016515785404843086e+01,1.066419630275646568e+01
5.700000000000000178e+00,3.363107257361108947e-10,1.681961597639817347e-04,1.685687226273783351e-04,1.003836383890432415e+01,1.053737131019497042e+01
5.750000000000000000e+00,3.363038702136798187e-10,1.886889214254593226e-04,1.891352899204490551e-04,9.910908142937302046e+00,1.040987267136044636e+01
5.799999999999999822e+00,3.362961783573623118e-10,2.116724330949833676e-04,2.122108588729707391e-04,9.782678956060564701e+00,1.028158831330871692e+01
5.849999999999999645e+00,3.362875481620612152e-10,2.374524859260747443e-04,2.381014447763088037e-04,9.653234009732017284e+00,1.015208456268956638e+01
5.900000000000000355e+00,3.362778651873253406e-10,2.663638288614456084e-04,2.671503689839050777e-04,9.522929799234901793e+00,1.002170993105357866e+01
5.950000000000000178e+00,3.362670010428930757e-10,2.987853934992919409e-04,2.997428022806590932e-04,9.391579863479570633e+00,9.890282154173135609e+00
6.000000000000000000e+00,3.362548116901911995e-10,3.351398809647706742e-04,3.363108603862553889e-04,9.259043963266556432e+00,9.757666339450729254e+00
6.049999999999999822e+00,3.362411355375255976e-10,3.759014634511823158e-04,3.773393183831896315e-04,9.125031555252292037e+00,9.623593767352232931e+00
6.099999999999999645e+00,3.362257913040335868e-10,4.216078333186705821e-04,4.233720188591539690e-04,8.988793103541112828e+00,9.487349020483165418e+00
6.150000000000000355e+00,3.362085756244888758e-10,4.728517353925528323e-04,4.750190574934287191e-04,8.849953389952226246e+00,9.348554431129464604e+00
6.200000000000000178e+00,3.361892603637229642e-10,5.302918797310228471e-04,5.329648397909720345e-04,8.707945407001197680e+00,9.206582439579683808e+00
6.250000000000000000e+00,3.361675896057175422e-10,5.946574630198308729e-04,5.979771138074227660e-04,8.561662273596724049e+00,9.060176454715481498e+00
6.299999999999999822e+00,3.361432762782788540e-10,6.667556769427040357e-04,6.709170961234686009e-04,8.407331181756326544e+00,8.905384758632727937e+00
6.349999999999999645e+00,3.361159983696005328e-10,7.474743351617444201e-04,7.527508221582534251e-04,8.240899429036382173e+00,8.737831306635918338e+00
6.400000000000000355e+00,3.360853946878800272e-10,8.377776727446456344e-04,8.445618673199099770e-04,8.066889881665652240e+00,8.561766189234937485e+00
6.450000000000000178e+00,3.360510601094509975e-10,9.387463099562930137e-04,9.475656026068789324e-04,7.880493154485598950e+00,8.372151705624396811e+00
6.500000000000000000e+00,3.360125402545509822e-10,1.051576474912754551e-03,1.063125167307015298e-03,7.683507331684268138e+00,8.171322676250689199e+00
6.549999999999999822e+00,3.359693255228082574e-10,1.177613389679268768e-03,1.192769362535114766e-03,7.492376201950641246e+00,7.971176917869435385e+00
6.599999999999999645e+00,3.359208444127454553e-10,1.317992229105611037e-03,1.338212692723651743e-03,7.304547105801098894e+00,7.772120868899015989e+00
6.650000000000000355e+00,3.358664560409798414e-10,1.474456448248529297e-03,1.501377808020408315e-03,7.128508647876380167e+00,7.586071261164889279e+00
6.700000000000000178e+00,3.358054417673012148e-10,1.649511173162493231e-03,1.684420629056301898e-03,6.988153694540898186e+00,7.436462082570010068e+00
6.750000000000000000e+00,3.357369958213435860e-10,1.844791581639311073e-03,1.889758466929090290e-03,6.861176401175434592e+00,7.293723167656160911e+00
6.799999999999999822e+00,3.356602148150846873e-10,2.061814404481751833e-03,2.120101485705856281e-03,6.724995363058994258e+00,7.130279483620917347e+00
6.849999999999999645e+00,3.355740860128394499e-10,2.303032459387747456e-03,2.378487892441582315e-03,6.587765561382134649e+00,6.960703132822544603e+00
6.900000000000000355e+00,3.354774742167115916e-10,2.571263641083794405e-03,2.668323280825100809e-03,6.471466139461504952e+00,6.800871735059885737e+00
6.950000000000000178e+00,3.353691071105954785e-10,2.869465256170375140e-03,2.993424599173444972e-03,6.394150245571303515e+00,6.681161747722391908e+00
7.000000000000000000e+00,3.352475588897607596e-10,3.201091547011657851e-03,3.358069261677636575e-03,6.335967876288421508e+00,6.595497334640427312e+00
7.049999999999999822e+00,3.351112319858228808e-10,3.570016913366124995e-03,3.767049973491349343e-03,6.277514105619573570e+00,6.517037174384157083e+00
7.099999999999999645e+00,3.349583366785531313e-10,3.980407528816968556e-03,4.225735895300601445e-03,6.218888790867936223e+00,6.444099074724420007e+00
7.150000000000000355e+00,3.347868683666349493e-10,4.436950668146753471e-03,4.740140831055064501e-03,6.163337917843598746e+00,6.378390998674930756e+00
7.200000000000000178e+00,3.345945822493041718e-10,4.945059016297251656e-03,5.316999183047439390e-03,6.112280904360517297e+00,6.318109606073001316e+00
7.250000000000000000e+00,3.343789651501186278e-10,5.510598862962966943e-03,5.963850480604164679e-03,6.065173653661318554e+00,6.261875193276502216e+00
7.299999999999999822e+00,3.341372041932966099e-10,6.140011140250930567e-03,6.689133351070021029e-03,6.021114349694499879e+00,6.210135092148576064e+00
7.349999999999999645e+00,3.338661520227310345e-10,6.840744855810140801e-03,7.502289862766904453e-03,5.977865323271785769e+00,6.160392700950282574e+00
7.400000000000000355e+00,3.335622882347251251e-10,7.620942507125093128e-03,8.413881226784521508e-03,5.934530472878535079e+00,6.110598951393789946e+00
7.450000000000000178e+00,3.332216766787875889e-10,8.489367706766660221e-03,9.435715894597072537e-03,5.891383358974600526e+00,6.061074640559240834e+00
7.500000000000000000e+00,3.328399182678789539e-10,9.455788694856668425e-03,1.058099112732309964e-02,5.848980545848235124e+00,6.013306903241605994e+00
7.549999999999999822e+00,3.324120989321923304e-10,1.053167326190245119e-02,1.186444913438293620e-02,5.806330845623158154e+00,5.966299618682647576e+00
7.599999999999999645e+00,3.319327323512767855e-10,1.172977575705873299e-02,1.330254887712958335e-02,5.762062890307909413e+00,5.917717609248938970e+00
7.650000000000000355e+00,3.313956971111598959e-10,1.306355520175923705e-02,1.491365459748021129e-02,5.716375120017303857e+00,5.867893681230427205e+00
7.700000000000000178e+00,3.307941679600316970e-10,1.454783825603253415e-02,1.671824205086478929e-02,5.669481639453266553e+00,5.817247457626706364e+00
7.750000000000000000e+00,3.301205408829623850e-10,1.619906352783902909e-02,1.873912328207273312e-02,5.621939479318555755e+00,5.766193403958730812e+00
7.799999999999999822e+00,3.293663517892607301e-10,1.803543130254632934e-02,2.100169056317782376e-02,5.574910831944109191e+00,5.715223788742676447e+00
7.849999999999999645e+00,3.285221887131520232e-10,2.007690255911907112e-02,2.353417979150390638e-02,5.528999844496020444e+00,5.664695803151630571e+00
7.900000000000000355e+00,3.275775975789954065e-10,2.234540223430046824e-02,2.636795319397365958e-02,5.484413162258263696e+00,5.615340377274563366e+00
7.950000000000000178e+00,3.265209817879141854e-10,2.486550908444997571e-02,2.953780056721736977e-02,5.440812154943138523e+00,5.566974898527277560e+00
8.000000000000000000e+00,3.253394961576088268e-10,2.766437219641193837e-02,3.308225745813347940e-02,5.397589430481239958e+00,5.518858840129055920e+00
8.050000000000000711e+00,3.240189361082026582e-10,3.077122557579769005e-02,3.704393760635200927e-02,5.354875320443447606e+00,5.471234056922703815e+00
8.099999999999999645e+00,3.225436234543212832e-10,3.421796380568668805e-02,4.146987556799594521e-02,5.312897133066989852e+00,5.424553761763810655e+00
8.150000000000000355e+00,3.208962907607145457e-10,3.803672869012371394e-02,4.641187364881640270e-02,5.271727439705955476e+00,5.378917924918496851e+00
8.199999999999999289e+00,3.190579669725611304e-10,4.226166816675244742e-02,5.192684501327653190e-02,5.231438596230461258e+00,5.334373135998582427e+00
8.250000000000000000e+00,3.170078679724621327e-10,4.693308451951080928e-02,5.807714201357361966e-02,5.192117847579325485e+00,5.290935497620296246e+00
8.300000000000000711e+00,3.147232968770948259e-10,5.210068596240751554e-02,6.493085529967543290e-02,5.153710126928793045e+00,5.248394599757268963e+00
8.349999999999999645e+00,3.121795603021960705e-10,5.781828139687144458e-02,7.256206502437179129e-02,5.116316065882898556e+00,5.206796319547102314e+00
8.400000000000000355e+00,3.093499085290290947e-10,6.413789466664909789e-02,8.105102034387259846e-02,5.080074051115907707e+00,5.166023934534813122e+00
8.449999999999999289e+00,3.062055095287957638e-10,7.111386575227815476e-02,9.048421734457257060e-02,5.045110501862673402e+00,5.125974021036817874e+00
8.500000000000000000e+00,3.027154691642862423e-10,7.879556275733701209e-02,1.009543384381012127e-01,5.011641327294498183e+00,5.086871396881058160e+00
8.550000000000000711e+00,2.988469125940618146e-10,8.724864568503699902e-02,1.125600081487744819e-01,4.979982329183457068e+00,5.048994010203436744e+00
8.599999999999999645e+00,2.945651449291684522e-10,9.654455176159176810e-02,1.254053111434545176e-01,4.950441498322895484e+00,5.012525769437331746e+00
8.650000000000000355e+00,2.898339124681796825e-10,1.067408915123949364e-01,1.395990085264208480e-01,4.923299795597337436e+00,4.977731573236262363e+00
8.699999999999999289e+00,2.846157892324260301e-10,1.179013290056292879e-01,1.552533782336817936e-01,4.898802106254123601e+00,4.944716716553635649e+00
8.750000000000000000e+00,2.788727168197926809e-10,1.300839520493483059e-01,1.724825954715818732e-01,4.877328108321918876e+00,4.913730107551216975e+00
8.800000000000000711e+00,2.725667284520171305e-10,1.433477788481494486e-01,1.914005605749085070e-01,4.859313604105267359e+00,4.885231478036665465e+00
8.849999999999999645e+00,2.656608900086888345e-10,1.577517238499799301e-01,2.121180759048934827e-01,4.845096653410926990e+00,4.859482306935092311e+00
8.900000000000000355e+00,2.581204911246776657e-10,1.733421388845930722e-01,2.347392725569270033e-01,4.834954259279783173e+00,4.836471624425385585e+00
8.949999999999999289e+00,2.499145171428385914e-10,1.901415503589793110e-01,2.593571945024441550e-01,4.829157841034856347e+00,4.816425057742407034e+00
9.000000000000000000e+00,2.410174266609663318e-10,2.081682125464853206e-01,2.860484659480608816e-01,4.828032645727347472e+00,4.799750659276426745e+00
9.050000000000000711e+00,2.314112481212384426e-10,2.274411767548290553e-01,3.148670015672445643e-01,4.831887851240040277e+00,4.786638974103404109e+00
9.099999999999999645e+00,2.210879906631286981e-10,2.479279736332358763e-01,3.458367739415738051e-01,4.840382260625439415e+00,4.775628531663663523e+00
9.150000000000000355e+00,2.100523374879135307e-10,2.695640865844577960e-01,3.789437334672193791e-01,4.852889645544159691e+00,4.764919192668429559e+00
9.199999999999999289e+00,1.983245525788812431e-10,2.921028323762165924e-01,4.141270881943162063e-01,4.872808765037547118e+00,4.761317261385158872e+00
9.250000000000000000e+00,1.859434826204405832e-10,3.154058532970627216e-01,4.512702980696382538e-01,4.902488185202436455e+00,4.769175085710159578e+00
9.300000000000000711e+00,1.729694753183560319e-10,3.394754311860524454e-01,4.901923199758919103e-01,4.940563801475931882e+00,4.785423757423721725e+00
9.349999999999999645e+00,1.594869649579199353e-10,3.641110505525901320e-01,5.306398510572001292e-01,4.987280868510346465e+00,4.809792281855152396e+00
9.400000000000000355e+00,1.456064008730469677e-10,3.890784499796021700e-01,5.722815433118191297e-01,5.042983034129541409e+00,4.842137556077005911e+00
9.449999999999999289e+00,1.314651236327584222e-10,4.140900628913891657e-01,6.147053750326846311e-01,5.108578108664090678e+00,4.883215027505080741e+00
9.500000000000000000e+00,1.172267414654740126e-10,4.387984597131033282e-01,6.574205215345378939e-01,5.184899472180994451e+00,4.933574637461042300e+00
9.550000000000000711e+00,1.030785456315412578e-10,4.628355162119613397e-01,6.998651090363361416e-01,5.272478681343216067e+00,4.993535464377082178e+00
9.599999999999999645e+00,8.922655277701077559e-11,4.858232371048220588e-01,7.414210875999276418e-01,5.372152612771358804e+00,5.064012902982845787e+00
9.650000000000000355e+00,7.588790117121286026e-11,5.073562742398523007e-01,7.814370424173213703e-01,5.484019021169956432e+00,5.145101252538026415e+00
9.699999999999999289e+00,6.328057828413789529e-11,5.270607511369870268e-01,8.192590110785461510e-01,5.608241724891634306e+00,5.236407767081963982e+00
9.750000000000000000e+00,5.161082772151253103e-11,5.446074684530376464e-01,8.542682627664223149e-01,5.746009130526644526e+00,5.338625103839255814e+00
9.800000000000000711e+00,4.105905621177203014e-11,5.597248297627366309e-01,8.859235772956438604e-01,5.899490555855045670e+00,5.455431918332990904e+00
9.849999999999999645e+00,3.176557933558633872e-11,5.722693791446703537e-01,9.138040079242009117e-01,6.068531002333557467e+00,5.586574610698576748e+00
9.900000000000000355e+00,2.381800462655701153e-11,5.821949072162456718e-01,9.376467320512889003e-01,6.250266553635228206e+00,5.727470753042261720e+00
9.949999999999999289e+00,1.724230769955940773e-11,5.895362577612049959e-01,9.573738228322816735e-01,6.442817396055971813e+00,5.876052711359946557e+00
1.000000000000000000e+01,1.199955109901616391e-11,5.944432660830371029e-01,9.731020926339114530e-01,6.643215646991613710e+00,6.029631554442531183e+00
1.005000000000000071e+01,7.989602905974885369e-12,5.971697947997720579e-01,9.851319372130352692e-01,6.847642533991823655e+00,6.185520429430916067e+00
1.009999999999999964e+01,5.062115782270830976e-12,5.980517233352585782e-01,9.939143985841474294e-01,7.051495214649321497e+00,6.340476543405586085e+00
1.015000000000000036e+01,3.033581976986616023e-12,5.974707044706052406e-01,1.000000000000000000e+00,7.249224308845001019e+00,6.490488500098045677e+00
