# log_age,instantaneous_sfr,integrated_stellar_mass,integrated_formed_mass,g,r
5.000000000000000000e+00,1.157366337198093579e-10,1.132078516012011229e-05,1.157372124049732249e-05,1.287148494931352616e+01,1.314506302027440654e+01
5.049999999999999822e+00,1.157364924998439799e-10,1.270209003772845434e-05,1.298592089411944459e-05,1.274806586208211456e+01,1.302227532366441665e+01
5.099999999999999645e+00,1.157363340486418609e-10,1.425209303590501799e-05,1.457043291536756862e-05,1.262618813491077674e+01,1.290253423767491370e+01
5.150000000000000355e+00,1.157361562637272256e-10,1.598825826988532647e-05,1.634828206180184953e-05,1.250685275084747161e+01,1.278636895999964906e+01
5.200000000000000178e+00,1.157359567860971987e-10,1.793575124308166555e-05,1.834305836192279477e-05,1.238808105069874443e+01,1.267193445795527396e+01
5.250000000000000000e+00,1.157357329689244317e-10,2.012325357314217970e-05,2.058123008973089009e-05,1.226768382191427520e+01,1.255728047020581783e+01
5.299999999999999822e+00,1.157354818424414241e-10,2.257398788223563194e-05,2.309249491970537883e-05,1.214933527227557875e+01,1.244517494415165260e+01
5.349999999999999645e+00,1.157352000745418598e-10,2.532272332597879363e-05,2.591017391551146904e-05,1.203145975800609335e+01,1.233419360265095577e+01
5.400000000000000355e+00,1.157348839265753380e-10,2.841096144366167119e-05,2.907165358063072404e-05,1.191148059434299711e+01,1.222203888662001248e+01
5.450000000000000178e+00,1.157345292037507095e-10,3.187287454091734069e-05,3.261888182693494425e-05,1.179252372501143498e+01,1.211108080331464976e+01
5.500000000000000000e+00,1.157341311994896207e-10,3.575964012728031219e-05,3.659892443782225552e-05,1.167263303099488070e+01,1.199957630413121734e+01
5.549999999999999822e+00,1.157336846329931827e-10,4.011771795753088580e-05,4.106458940215728059e-05,1.155293520315917277e+01,1.188834738255636125e+01
5.599999999999999645e+00,1.157331835791944300e-10,4.500632230104340708e-05,4.607512738970895864e-05,1.143286261707799412e+01,1.177686212964603385e+01
5.650000000000000355e+00,1.157326213901680457e-10,5.049738208456164317e-05,5.169701765350305229e-05,1.131037440821410200e+01,1.166329501396776180e+01
5.700000000000000178e+00,1.157319906069567079e-10,5.664284816747715393e-05,5.800484976690791785e-05,1.118969520067697943e+01,1.155112019721799754e+01
5.750000000000000000e+00,1.157312828606457689e-10,6.355421323742998705e-05,6.508231287639811393e-05,1.106815403412164756e+01,1.143801187743131464e+01
5.799999999999999822e+00,1.157304887613764380e-10,7.133931766594854801e-05,7.302330556965140509e-05,1.094316932292653632e+01,1.132163614284263531e+01
5.849999999999999645e+00,1.157295977738283329e-10,8.004277752225956563e-05,8.193318105068436263e-05,1.081864132936166101e+01,1.120531410016872087e+01
5.900000000000000355e+00,1.157285980775228782e-10,8.979453926771483482e-05,9.193014410520618425e-05,1.069280124083777395e+01,1.108750419011126098e+01
5.950000000000000178e+00,1.157274764100998893e-10,1.007482780857689762e-04,1.031468183350219974e-04,1.056417349759776414e+01,1.096681901012660632e+01
6.000000000000000000e+00,1.157262178914938708e-10,1.130324880226349018e-04,1.157320043952718620e-04,1.043539625275383997e+01,1.084553666186509702e+01
6.049999999999999822e+00,1.157248058266858587e-10,1.267858643478617846e-04,1.298526524754813213e-04,1.030634987458071095e+01,1.072355745003008565e+01
6.099999999999999645e+00,1.157232214844240378e-10,1.422036719778227312e-04,1.456960750935687692e-04,1.017483003859872071e+01,1.059889774862921996e+01
6.150000000000000355e+00,1.157214438489903811e-10,1.594771070638869627e-04,1.634724294300997252e-04,1.004223257980789441e+01,1.047282509717084764e+01
6.200000000000000178e+00,1.157194493417363325e-10,1.788059665551960486e-04,1.834175019706220876e-04,9.909503154624246690e+00,1.034619540261007131e+01
6.250000000000000000e+00,1.157172115087138807e-10,2.005090043514444443e-04,2.057958321953042220e-04,9.772205098717535066e+00,1.021483992745713465e+01
6.299999999999999822e+00,1.157147006702840629e-10,2.248344008247734466e-04,2.309042164933073412e-04,9.632131063483051037e+00,1.008042967869999273e+01
6.349999999999999645e+00,1.157118835280872654e-10,2.520919724437429578e-04,2.590756384613212421e-04,9.489453393858099162e+00,9.943120968520346992e+00
6.400000000000000355e+00,1.157087227242024998e-10,2.826133371650544203e-04,2.906836773090029050e-04,9.342396646769927315e+00,9.800948956875231488e+00
6.450000000000000178e+00,1.157051763466997911e-10,3.166949983943748376e-04,3.261474523362038053e-04,9.190246026231136511e+00,9.652687975461489600e+00
6.500000000000000000e+00,1.157011973750922846e-10,3.550352395520359953e-04,3.659371684111590315e-04,9.029610221703514128e+00,9.495067065066066903e+00
6.549999999999999822e+00,1.156967330584144282e-10,3.982988044231416513e-04,4.105803351897514050e-04,8.853270776609576842e+00,9.321433008270716414e+00
6.599999999999999645e+00,1.156917242177805673e-10,4.469331005356378642e-04,4.606687415282941325e-04,8.585083152178519583e+00,9.034410439503091084e+00
6.650000000000000355e+00,1.156861044643044942e-10,5.014299774963753599e-04,5.168662762891160917e-04,8.306949558844344494e+00,8.710035590453472309e+00
6.700000000000000178e+00,1.156797993221711339e-10,5.622934516411522707e-04,5.799176976226401003e-04,8.073638126827589190e+00,8.431551040060739410e+00
6.750000000000000000e+00,1.156727252454379706e-10,6.302504419212376190e-04,6.506584649543285413e-04,7.830500528172308350e+00,8.161465226582905075e+00
6.799999999999999822e+00,1.156647885157877367e-10,7.058172016428630735e-04,7.300257614566944961e-04,7.626782149687350909e+00,7.910458068371745810e+00
6.849999999999999645e+00,1.156558840069446013e-10,7.896284581713096037e-04,8.190708498880578010e-04,7.493729575146865329e+00,7.706600697410223688e+00
6.900000000000000355e+00,1.156458937997833278e-10,8.826490528251717529e-04,9.189729215008407993e-04,7.399164575252690668e+00,7.562180692037799190e+00
6.950000000000000178e+00,1.156346856302898638e-10,9.859026938261270662e-04,1.031054616435408142e-03,7.322878570068809267e+00,7.469370526196200899e+00
7.000000000000000000e+00,1.156221111504522055e-10,1.100555116352823016e-03,1.156799414811943497e-03,7.265234344114809062e+00,7.407709777349090530e+00
7.049999999999999822e+00,1.156080039798515734e-10,1.227931118135185476e-03,1.297871120818227956e-03,7.218508118482674263e+00,7.355659462455605535e+00
7.099999999999999645e+00,1.155921775231656762e-10,1.369496826017799511e-03,1.456135687677187658e-03,7.177950883085600253e+00,7.311451244684512574e+00
7.150000000000000355e+00,1.155744225259644482e-10,1.526882126678845821e-03,1.633685659689456879e-03,7.142675295430976234e+00,7.274659127570878070e+00
7.200000000000000178e+00,1.155545043380518560e-10,1.701906229971631790e-03,1.832867538815534251e-03,7.100874733029542085e+00,7.224778177908916632e+00
7.250000000000000000e+00,1.155321598501614733e-10,1.896587407915692036e-03,2.056312417719261768e-03,7.048403708319533223e+00,7.162981256799426433e+00
7.299999999999999822e+00,1.155070940660260216e-10,2.113170205486231048e-03,2.306970259073842875e-03,7.003630460929329615e+00,7.115520646111427538e+00
7.349999999999999645e+00,1.154789762676892576e-10,2.354228793450266304e-03,2.588148242441458153e-03,6.969304648216748888e+00,7.077595366559684464e+00
7.400000000000000355e+00,1.154474357273951255e-10,2.622642934195670156e-03,2.903553645382707469e-03,6.929874438138405424e+00,7.033520664033410696e+00
7.450000000000000178e+00,1.154120569144571399e-10,2.921536108671769685e-03,3.257341774762721829e-03,6.885540271399008816e+00,6.987351434850637588e+00
7.500000000000000000e+00,1.153723741401718150e-10,3.254384103688637894e-03,3.654169517615783649e-03,6.839111250608681303e+00,6.941499378515963770e+00
7.549999999999999822e+00,1.153278655780951455e-10,3.625106772326559812e-03,4.099255138382592277e-03,6.791984841532894279e+00,6.895003092564891745e+00
7.599999999999999645e+00,1.152779465908591360e-10,4.038038548743439447e-03,4.598445010742743116e-03,6.745355495640168897e+00,6.847688143352264944e+00
7.650000000000000355e+00,1.152219622882005683e-10,4.497792238110353072e-03,5.158288037328301497e-03,6.698494555499053149e+00,6.798608715915918310e+00
7.700000000000000178e+00,1.151591792340526194e-10,5.009320439432643317e-03,5.786118578807706442e-03,6.652678614294714521e+00,6.749930244794128953e+00
7.750000000000000000e+00,1.150887762134984871e-10,5.578486526858402947e-03,6.490148784349092891e-03,6.608760905831012167e+00,6.702592633592225013e+00
7.799999999999999822e+00,1.150098339632235047e-10,6.211990475945464163e-03,7.279571287098941280e-03,6.565705759015166620e+00,6.655558903973300744e+00
7.849999999999999645e+00,1.149213237620024608e-10,6.917016182455119379e-03,8.164673299309333290e-03,6.523156288021311866e+00,6.609197257364982647e+00
7.900000000000000355e+00,1.148220947709608082e-10,7.701774765800364735e-03,9.156963209725910852e-03,6.481338087385680069e+00,6.562940577747099269e+00
7.950000000000000178e+00,1.147108600071753421e-10,8.575133026899287025e-03,1.026931084758053205e-02,6.439983226942032957e+00,6.516794769379984587e+00
8.000000000000000000e+00,1.145861808290646137e-10,9.546586435565119697e-03,1.151610262868787808e-02,6.399061401587943010e+00,6.471284756250838655e+00
8.050000000000000711e+00,1.144464498085255975e-10,1.062705437851273887e-02,1.291341283407800022e-02,6.358441374149244041e+00,6.426243232828127816e+00
8.099999999999999645e+00,1.142898718636419683e-10,1.182877840825190784e-02,1.447919228291434657e-02,6.318111884677307444e+00,6.381939776337617332e+00
8.150000000000000355e+00,1.141144435279652351e-10,1.316545524588164442e-02,1.623347563968161739e-02,6.277833286541380176e+00,6.338148326544505551e+00
8.199999999999999289e+00,1.139179302390691943e-10,1.465230836597709169e-02,1.819860852864203793e-02,6.237409927548185351e+00,6.294387172721016555e+00
8.250000000000000000e+00,1.136978415418314317e-10,1.630563184131391188e-02,2.039949550101962869e-02,6.197019882590176110e+00,6.250467777316842444e+00
8.300000000000000711e+00,1.134514041226356547e-10,1.814294172019682155e-02,2.286386969297740657e-02,6.156907220178339912e+00,6.206888468934153025e+00
8.349999999999999645e+00,1.131755326218194639e-10,2.018408198829496972e-02,2.562258470113935177e-02,6.117085474192101913e+00,6.163920745997273798e+00
8.400000000000000355e+00,1.128667982161964939e-10,2.245153324295028410e-02,2.870992875736907285e-02,6.077603086117157716e+00,6.121393808941647308e+00
8.449999999999999289e+00,1.125213950250173541e-10,2.496929148072639035e-02,3.216396066916047541e-02,6.038618957079414429e+00,6.079351333688599368e+00
8.500000000000000000e+00,1.121351044757565266e-10,2.776399750799627905e-02,3.602686616176870721e-02,6.000294079552254800e+00,6.037770984604286184e+00
8.550000000000000711e+00,1.117032578759943748e-10,3.086537300314141918e-02,4.034533215939030415e-02,5.962733669333594833e+00,5.996568889985070427e+00
8.599999999999999645e+00,1.112206975808078785e-10,3.430526380285037202e-02,4.517093511125519489e-02,5.926148334500773274e+00,5.955917929963071344e+00
8.650000000000000355e+00,1.106817373290296101e-10,3.811842799288068379e-02,5.056053762903790771e-02,5.890814477309476160e+00,5.915893583411836687e+00
8.699999999999999289e+00,1.100801225552110997e-10,4.234283159404649000e-02,5.657668536722305908e-02,5.856872602696036267e+00,5.876502287188813511e+00
8.750000000000000000e+00,1.094089917770529691e-10,4.701935883303524910e-02,6.328799314880424742e-02,5.824425084464515123e+00,5.837775320738096241e+00
8.800000000000000711e+00,1.086608405214197321e-10,5.219273335734637975e-02,7.076950570513665384e-02,5.793573800488289294e+00,5.799648424912369649e+00
8.849999999999999645e+00,1.078274896975784668e-10,5.791123851649811888e-02,7.910301394354933568e-02,5.764470692152961817e+00,5.762337869052693407e+00
8.900000000000000355e+00,1.069000608659164430e-10,6.422377215085740831e-02,8.837730226016952961e-02,5.737403037733429301e+00,5.726084341633189467e+00
8.949999999999999289e+00,1.058689614952507330e-10,7.118260843034561469e-02,9.868829596682671124e-02,5.712582978736705286e+00,5.690897349321964782e+00
9.000000000000000000e+00,1.047238840608102936e-10,7.884632140307200332e-02,1.101390703112310604e-01,5.689951784476484420e+00,5.656624907561955240e+00
9.050000000000000711e+00,1.034538237123885508e-10,8.727309208701646004e-02,1.228396737954484258e-01,5.669075405715133797e+00,5.621894162892743907e+00
9.099999999999999645e+00,1.020471202345819504e-10,9.651947212646078134e-02,1.369067085735144462e-01,5.649277059689993052e+00,5.584931601404505841e+00
9.150000000000000355e+00,1.004915311127357528e-10,1.065980890422974087e-01,1.524625997919765164e-01,5.632683445794455679e+00,5.550564706977723972e+00
9.199999999999999289e+00,9.877434367511509388e-11,1.175544466385482767e-01,1.696344741681831136e-01,5.620863563453980305e+00,5.522560601086837551e+00
9.250000000000000000e+00,9.688253544352079188e-11,1.294922062583877820e-01,1.885525564841260548e-01,5.612495440572189409e+00,5.498486593426179070e+00
9.300000000000000711e+00,9.480299289441643128e-11,1.424783818593431672e-01,2.093479819751696835e-01,5.607290002445154187e+00,5.477623856162175286e+00
9.349999999999999645e+00,9.252279966569971972e-11,1.565757952421852062e-01,2.321499142623368317e-01,5.605336089939562783e+00,5.460038102995071085e+00
9.400000000000000355e+00,9.002960563384665709e-11,1.718419276159211528e-01,2.570818545808675193e-01,5.606656610404840535e+00,5.445499745807317993e+00
9.449999999999999289e+00,8.731208794989417766e-11,1.883183677621701746e-01,2.842570314203922144e-01,5.611508276429034936e+00,5.434292465510488057e+00
9.500000000000000000e+00,8.436051369055212650e-11,2.060345924475045498e-01,3.137727740138126498e-01,5.620304206872930308e+00,5.426994408072630449e+00
9.550000000000000711e+00,8.116741078883940194e-11,2.250085027415745509e-01,3.457038030309398935e-01,5.633119820447213044e+00,5.423366805813941482e+00
9.599999999999999645e+00,7.772834880537471205e-11,2.452328009049965507e-01,3.800944228655868118e-01,5.650335030051245155e+00,5.423808470665505865e+00
9.650000000000000355e+00,7.404282327450838250e-11,2.666740966394315904e-01,4.169496781742502156e-01,5.672416629562640367e+00,5.428804935682698840e+00
9.699999999999999289e+00,7.011522619625200884e-11,2.892707461322411300e-01,4.562256489568139450e-01,5.699779408568957706e+00,5.438698222737272658e+00
9.750000000000000000e+00,6.595587024137068695e-11,3.129240123372982740e-01,4.978192085056271088e-01,5.732943441588894018e+00,5.453941547448877714e+00
9.800000000000000711e+00,6.158201517068353872e-11,3.374961534723517342e-01,5.415577592124986017e-01,5.772669587084294562e+00,5.475119962065392087e+00
9.849999999999999645e+00,5.701882215042840929e-11,3.627992026778162349e-01,5.871896894150498980e-01,5.819676027049581535e+00,5.502710460112353985e+00
9.900000000000000355e+00,5.230013624589131876e-11,3.886040923284966864e-01,6.343765484604209082e-01,5.875007881041156566e+00,5.537914886834670369e+00
9.949999999999999289e+00,4.746897181942085627e-11,4.146410791724404188e-01,6.826881927251253757e-01,5.939602246221078019e+00,5.581533053486019469e+00
1.000000000000000000e+01,4.257755390931759819e-11,4.405845225865431813e-01,7.316023718261580600e-01,6.014165817329320873e+00,5.633929847210637831e+00
1.005000000000000071e+01,3.768675688845604820e-11,4.660672329809351089e-01,7.805103420347735410e-01,6.099699806031921412e+00,5.695903791954471274e+00
1.009999999999999964e+01,3.286478760622070313e-11,4.906957293313835011e-01,8.287300348571269293e-01,6.197217375732307687e+00,5.768247592068263430e+00
1.015000000000000036e+01,2.818499280491822836e-11,5.140653927745206797e-01,8.755279828701516553e-01,6.307501362354408059e+00,5.851274908492285931e+00
1.019999999999999929e+01,2.372273849651128569e-11,5.357702899467026159e-01,9.201505259542210879e-01,6.431148233521263080e+00,5.944884437383826992e+00
1.025000000000000000e+01,1.955141770802771413e-11,5.554502105607592721e-01,9.618637338390567670e-01,6.570408191373225293e+00,6.052344434782874316e+00
1.030000000000000071e+01,1.573779109193339602e-11,5.728179638020787223e-01,1.000000000000000000e+00,6.725004594910238609e+00,6.172824245971789026e+00
