# log_age,instantaneous_sfr,integrated_stellar_mass,integrated_formed_mass,g,r
5.000000000000000000e+00,1.516223053376824698e-10,1.483097587366407553e-05,1.516233883591410274e-05,1.257825199993691712e+01,1.285183007089779750e+01
5.049999999999999822e+00,1.516220410419223126e-10,1.664057209580601418e-05,1.701240915694948044e-05,1.245483320012020556e+01,1.272904266311643795e+01
5.099999999999999645e+00,1.516217444977504931e-10,1.867117233497539303e-05,1.908821835978623699e-05,1.233295579861916025e+01,1.260930190790899275e+01
5.150000000000000355e+00,1.516214117704076488e-10,2.094565523301626195e-05,2.141730975980280454e-05,1.221362078649744376e+01,1.249313701020032852e+01
5.200000000000000178e+00,1.516210384450579180e-10,2.349698864044922388e-05,2.403058720771766033e-05,1.209484950345213150e+01,1.237870293731735671e+01
5.250000000000000000e+00,1.516206195682203651e-10,2.636274657478827066e-05,2.696272507056516652e-05,1.197445273596182602e+01,1.226404942812597909e+01
5.299999999999999822e+00,1.516201495820562275e-10,2.957335117018056048e-05,3.025262821974663394e-05,1.185610471143101563e+01,1.215194444720457767e+01
5.349999999999999645e+00,1.516196222506410931e-10,3.317435103445858576e-05,3.394394812557773359e-05,1.173822978646990123e+01,1.204096371912289953e+01
5.400000000000000355e+00,1.516190305772451580e-10,3.722011429606049659e-05,3.808566189717351683e-05,1.161825127232580002e+01,1.192880968255929730e+01
5.450000000000000178e+00,1.516183667115247000e-10,4.175540683150211685e-05,4.273272194031908701e-05,1.149929513773003009e+01,1.181785236679179718e+01
5.500000000000000000e+00,1.516176218453955744e-10,4.684727194708629015e-05,4.794678484430107897e-05,1.137940526040259925e+01,1.170634872180835373e+01
5.549999999999999822e+00,1.516167860962090490e-10,5.255657163345807371e-05,5.379702914987294522e-05,1.125970835163182215e+01,1.159512075991654712e+01
5.599999999999999645e+00,1.516158483756829159e-10,5.896087630550529647e-05,6.036107283277461521e-05,1.113963679176362831e+01,1.148363657818156014e+01
5.650000000000000355e+00,1.516147962428519139e-10,6.615441228038237715e-05,6.772600264991875867e-05,1.101714971459986003e+01,1.137007064511218601e+01
5.700000000000000178e+00,1.516136157390910536e-10,7.420523184740973166e-05,7.598952897584589409e-05,1.089647179706790325e+01,1.125789716991249634e+01
5.750000000000000000e+00,1.516122912030283711e-10,8.325938939939748931e-05,8.526128141453037331e-05,1.077493206722492403e+01,1.114479034253749035e+01
5.799999999999999822e+00,1.516108050628981932e-10,9.345815214440358746e-05,9.566426232576664306e-05,1.064994892732670451e+01,1.102841624130133624e+01
5.849999999999999645e+00,1.516091376035886716e-10,1.048599563376899542e-04,1.073364774924745729e-04,1.052542271041744470e+01,1.091209603788190918e+01
5.900000000000000355e+00,1.516072667053038912e-10,1.176350235231273151e-04,1.204327654860564475e-04,1.039958459659401768e+01,1.079428816904978561e+01
5.950000000000000178e+00,1.516051675503870988e-10,1.319846567802305452e-04,1.351268499034839689e-04,1.027095902957457696e+01,1.067360523607921863e+01
6.000000000000000000e+00,1.516028122944329937e-10,1.480771645956831782e-04,1.516136415823753753e-04,1.014218423412908265e+01,1.055232540761379312e+01
6.049999999999999822e+00,1.516001696973471571e-10,1.660942126289023451e-04,1.701118211831126911e-04,1.001314060871813183e+01,1.043034901876626463e+01
6.099999999999999645e+00,1.515972047094865764e-10,1.862915679708898793e-04,1.908667362072993454e-04,9.881623809470873709e+00,1.030569242788543960e+01
6.150000000000000355e+00,1.515938780074244819e-10,2.089196557841378049e-04,2.141536506417549858e-04,9.749029748635834380e+00,1.017962324887838577e+01
6.200000000000000178e+00,1.515901454732260119e-10,2.342401553250228431e-04,2.402813900311074669e-04,9.616304145789079882e+00,1.005299745049254767e+01
6.250000000000000000e+00,1.515859576103808932e-10,2.626705694295069149e-04,2.695964299467899609e-04,9.479010240027122336e+00,9.921646202629915479e+00
6.299999999999999822e+00,1.515812588887158942e-10,2.945359222524090016e-04,3.024874816019859853e-04,9.338940796362024344e+00,9.787240622663134104e+00
6.349999999999999645e+00,1.515759870096841380e-10,3.302419578293325567e-04,3.393906348243025156e-04,9.196268207531993255e+00,9.649937070088725477e+00
6.400000000000000355e+00,1.515700720823966137e-10,3.702229462221279070e-04,3.807951258369651586e-04,9.049217014106446300e+00,9.507770676251631414e+00
6.450000000000000178e+00,1.515634356996052610e-10,4.148671120422664938e-04,4.272498053763874762e-04,8.897072434181225731e+00,9.359515758029438359e+00
6.500000000000000000e+00,1.515559899015572772e-10,4.650889835985436540e-04,4.793703917122169294e-04,8.736443028390418419e+00,9.201901227660535199e+00
6.549999999999999822e+00,1.515476360141985439e-10,5.217590728258316313e-04,5.378476032234175488e-04,8.560109945617618621e+00,9.028273496699746659e+00
6.599999999999999645e+00,1.515382633465957463e-10,5.854630779730996991e-04,6.034562764429327172e-04,8.291923711944285458e+00,8.741250817951019769e+00
6.650000000000000355e+00,1.515277477306528654e-10,6.568448078844716298e-04,6.770655880431274533e-04,8.013793130343437099e+00,8.416876151103970471e+00
6.700000000000000178e+00,1.515159498841970524e-10,7.365638767376623706e-04,7.596505132337021257e-04,7.780489300596180158e+00,8.138396885412554127e+00
6.750000000000000000e+00,1.515027135762836555e-10,8.255717442346161960e-04,8.523046686276823181e-04,7.537359880191530692e+00,7.868318463499562654e+00
6.799999999999999822e+00,1.514878635710911293e-10,9.245436719806468008e-04,9.562547049753539414e-04,7.333654656368253200e+00,7.617321665916769291e+00
6.849999999999999645e+00,1.514712033240257466e-10,1.034309877257158158e-03,1.072876434432888920e-03,7.200623553618221706e+00,7.413480235930869355e+00
6.900000000000000355e+00,1.514525124005991831e-10,1.156132722924397465e-03,1.203712898419026251e-03,7.106086338424404403e+00,7.269083773178522279e+00
6.950000000000000178e+00,1.514315435852571212e-10,1.291351282990676509e-03,1.350494605813392333e-03,7.029833305582869230e+00,7.176305670473226428e+00
7.000000000000000000e+00,1.514080196435922158e-10,1.441490186978959358e-03,1.515162197467818375e-03,6.972228608825794538e+00,7.114684774061622363e+00
7.049999999999999822e+00,1.513816296972367180e-10,1.608281809393664321e-03,1.699891821956057937e-03,6.925548292276545226e+00,7.062680060966400220e+00
7.099999999999999645e+00,1.513520251661755174e-10,1.793642878154996225e-03,1.907123539384658400e-03,6.885043511551103279e+00,7.018524108899605096e+00
7.150000000000000355e+00,1.513188152282102081e-10,1.999703662859500172e-03,2.139593105141794540e-03,6.849827743366297739e+00,6.981791981616922271e+00
7.200000000000000178e+00,1.512815617398209659e-10,2.228841215989872324e-03,2.400367523866530056e-03,6.808091079864986739e+00,6.931972684029510390e+00
7.250000000000000000e+00,1.512397735566798901e-10,2.483691822881304873e-03,2.692884805853940425e-03,6.755686493651182900e+00,6.870239441852660889e+00
7.299999999999999822e+00,1.511929001855592721e-10,2.767186263568176437e-03,3.020998403698337345e-03,6.710991314681344022e+00,6.822856625296125799e+00
7.349999999999999645e+00,1.511403246923293775e-10,3.082684727312757795e-03,3.389026856307539911e-03,6.676758319507861472e+00,6.785022896925084979e+00
7.400000000000000355e+00,1.510813557831632273e-10,3.433944709299099028e-03,3.801809220470612864e-03,6.637428122220519811e+00,6.741046178848506543e+00
7.450000000000000178e+00,1.510152189679704538e-10,3.825039203886292961e-03,4.264766926820050957e-03,6.593201907124750960e+00,6.694984726833226318e+00
7.500000000000000000e+00,1.509410467065158675e-10,4.260498022623120107e-03,4.783972757002197089e-03,6.546891676768282764e+00,6.649253155938481541e+00
7.549999999999999822e+00,1.508578674287074193e-10,4.745426827553312840e-03,5.366227701661251126e-03,6.499897490168429215e+00,6.602890818677870755e+00
7.599999999999999645e+00,1.507645933112774608e-10,5.285467024038290745e-03,6.019146523671034012e-03,6.453416600792316160e+00,6.555724623599175516e+00
7.650000000000000355e+00,1.506600066836945193e-10,5.886615514370632449e-03,6.751252916751513365e-03,6.406721523505481741e+00,6.506809377701678443e+00
7.700000000000000178e+00,1.505427449268654522e-10,6.555302958712697602e-03,7.572085214555034430e-03,6.361092760637440335e+00,6.458315250446361233e+00
7.750000000000000000e+00,1.504112837193402212e-10,7.299138999652671558e-03,8.492313667231609839e-03,6.317387582400918689e+00,6.411185989118123985e+00
7.799999999999999822e+00,1.502639184777546351e-10,8.126811435605551040e-03,9.523870358330835742e-03,6.274571788370337799e+00,6.364385954521104338e+00
7.849999999999999645e+00,1.500987438317147340e-10,9.047619843989784111e-03,1.068009288061018414e-02,6.232291254519701340e+00,6.318287219257690879e+00
7.900000000000000355e+00,1.499136309690086814e-10,1.007218187788251791e-02,1.197588291955244653e-02,6.190775709517801317e+00,6.272324987513925976e+00
7.950000000000000178e+00,1.497062026859126500e-10,1.121193964333410016e-02,1.342788090122462065e-02,6.149760804760667554e+00,6.226509137767195057e+00
8.000000000000000000e+00,1.494738059807140143e-10,1.247911613123469168e-02,1.505465783761508747e-02,6.109220732705985313e+00,6.181370282125833171e+00
8.050000000000000711e+00,1.492134820380317495e-10,1.388774657923648112e-02,1.687692543639091741e-02,6.069028995272788052e+00,6.136745762633069035e+00
8.099999999999999645e+00,1.489219334691267334e-10,1.545353201200657008e-02,1.891776541872594933e-02,6.029179953236550205e+00,6.092911724935575535e+00
8.150000000000000355e+00,1.485954887017494670e-10,1.719399730025268982e-02,2.120287879036702322e-02,5.989439297764633352e+00,6.049647692284366940e+00
8.199999999999999289e+00,1.482300634553879808e-10,1.912856468952133307e-02,2.376085551489745540e-02,5.949617355156135545e+00,6.006476853561167673e+00
8.250000000000000000e+00,1.478211192980426287e-10,2.127793157655201092e-02,2.662346461631494993e-02,5.909900643463245729e+00,5.963217255753704649e+00
8.300000000000000711e+00,1.473636193637529821e-10,2.366423886542385127e-02,2.982596415634236262e-02,5.870543162483549793e+00,5.920378285630008008e+00
8.349999999999999645e+00,1.468519814219859975e-10,2.631248250352608356e-02,3.340742974871133836e-02,5.831568315274154202e+00,5.878242779879947477e+00
8.400000000000000355e+00,1.462800286378251937e-10,2.925087059396224917e-02,3.741109923783688535e-02,5.793035839640673146e+00,5.836649834726252095e+00
8.449999999999999289e+00,1.456409385542098077e-10,3.250929741621337576e-02,4.188472982314448562e-02,5.755118204973236118e+00,5.795655675603413215e+00
8.500000000000000000e+00,1.449271910742826522e-10,3.612075398307063034e-02,4.688096218263469728e-02,5.717991790384928663e+00,5.755251317842443370e+00
8.550000000000000711e+00,1.441305165348152905e-10,4.012181195053812766e-02,5.245768395890609836e-02,5.681778667733965449e+00,5.715367155962780998e+00
8.599999999999999645e+00,1.432418453538208588e-10,4.455126607461882410e-02,5.867838222586716640e-02,5.646709722262244213e+00,5.676194664048765048e+00
8.650000000000000355e+00,1.422512612213473515e-10,4.945103982929550945e-02,6.561247115318183387e-02,5.613085251895832073e+00,5.637829002199737261e+00
8.699999999999999289e+00,1.411479603975092014e-10,5.486641822484318587e-02,7.333557692004871731e-02,5.581071090140078184e+00,5.600297688638669058e+00
8.750000000000000000e+00,1.399202204016483944e-10,6.084548192557154289e-02,8.192975689107447057e-02,5.550797613859039359e+00,5.563655633902726549e+00
8.800000000000000711e+00,1.385553822355375024e-10,6.744009090476464630e-02,9.148362405385063179e-02,5.522398121453335307e+00,5.527862994533606411e+00
8.849999999999999645e+00,1.370398512929279684e-10,7.470524720964848153e-02,1.020923406521173221e-01,5.496060922132741666e+00,5.493168553198088944e+00
8.900000000000000355e+00,1.353591232723993413e-10,8.269492479249064554e-02,1.138574367958176820e-01,5.472117495306505930e+00,5.459849853978383294e+00
8.949999999999999289e+00,1.334978427245889548e-10,9.146532759678475955e-02,1.268864006304906145e-01,5.450828228340640180e+00,5.427952084092325435e+00
9.000000000000000000e+00,1.314399033059031418e-10,1.010782758825857219e-01,1.412919765612913325e-01,5.432180556585706199e+00,5.397357210549309059e+00
9.050000000000000711e+00,1.291686003312040199e-10,1.115919339118434106e-01,1.571910973841850467e-01,5.415777451310177071e+00,5.366687066278061025e+00
9.099999999999999645e+00,1.266668477345682654e-10,1.230586595874931105e-01,1.747033655606353986e-01,5.400969138423249660e+00,5.334138172994087768e+00
9.150000000000000355e+00,1.239174729279380724e-10,1.354691152017454825e-01,1.939489892070467014e-01,5.390031149854173975e+00,5.304767829312289962e+00
9.199999999999999289e+00,1.209036040953437101e-10,1.488526134125533473e-01,2.150460710352071481e-01,5.384682349125988310e+00,5.282570486974556445e+00
9.250000000000000000e+00,1.176091648956488111e-10,1.633088282034242666e-01,2.381071454330715986e-01,5.383626546386004463e+00,5.265089074109923217e+00
9.300000000000000711e+00,1.140194909888882965e-10,1.788828950421621766e-01,2.632348627803951513e-01,5.386647449221044326e+00,5.251648492575789362e+00
9.349999999999999645e+00,1.101220807535464053e-10,1.956073276222130841e-01,2.905167344277883590e-01,5.393932484396202653e+00,5.242401652819054902e+00
9.400000000000000355e+00,1.059074884049761346e-10,2.134998429132639042e-01,3.200188808677802976e-01,5.405601789998605966e+00,5.237185956744525583e+00
9.449999999999999289e+00,1.013703607259706531e-10,2.325491315755809918e-01,3.517787746208185795e-01,5.422034085193395470e+00,5.236394637925691598e+00
9.500000000000000000e+00,9.651060797266579094e-11,2.527197569067106131e-01,3.857970438939526958e-01,5.443784626997548060e+00,5.240743594739939226e+00
9.550000000000000711e+00,9.133468442639029195e-11,2.739531079898895882e-01,4.220285087178811123e-01,5.471041367919383447e+00,5.250059867782475465e+00
9.599999999999999645e+00,8.585693388899892962e-11,2.961505311380887018e-01,4.603727624796207230e-01,5.504330175529005942e+00,5.264867911354272678e+00
9.650000000000000355e+00,8.010092992643348423e-11,3.191741464136709783e-01,5.006647902175788145e-01,5.544275484161353518e+00,5.285788016816610480e+00
9.699999999999999289e+00,7.410071034876725472e-11,3.428469771343840011e-01,5.426663272612424205e-01,5.591438639660239573e+00,5.313273774332017751e+00
9.750000000000000000e+00,6.790177194812855847e-11,3.669458373442106014e-01,5.860588960657132640e-01,5.646492366527205320e+00,5.347891936159584247e+00
9.800000000000000711e+00,6.156165826353191654e-11,3.912048871008813045e-01,6.304396918578898390e-01,5.710383980143326710e+00,5.390346219902177438e+00
9.849999999999999645e+00,5.514994565993877297e-11,4.153088089419890161e-01,6.753216800830417199e-01,5.783987580113276294e+00,5.441179337308717834e+00
9.900000000000000355e+00,4.874741936300546142e-11,4.389145303886610727e-01,7.201393641615749797e-01,5.868563121564257301e+00,5.501795694765441169e+00
9.949999999999999289e+00,4.244424171999865547e-11,4.616621667494795189e-01,7.642616076626226329e-01,5.965185225609573649e+00,5.573048662052144664e+00
1.000000000000000000e+01,3.633696171761226626e-11,4.831670084169616963e-01,8.070125676793273861e-01,6.074558393487230035e+00,5.655176828853662130e+00
1.005000000000000071e+01,3.052430876283617189e-11,5.030500092853092964e-01,8.477011383627599539e-01,6.197654266191534589e+00,5.748845859205580666e+00
1.009999999999999964e+01,2.510186150521735557e-11,5.209670041947582764e-01,8.856582691660918050e-01,6.335322745040393499e+00,5.854602933598613390e+00
1.015000000000000036e+01,2.015588092037752497e-11,5.366334532367244003e-01,9.202801332599704898e-01,6.487848224314731738e+00,5.972115632168055299e+00
1.019999999999999929e+01,1.575682727061218213e-11,5.498358193452412834e-01,9.510735088083279720e-01,6.654956370627040485e+00,6.100257881320871434e+00
1.025000000000000000e+01,1.195330397869087973e-11,5.604830318925293486e-01,9.776981718517770981e-01,6.838682446038809815e+00,6.242718830491419624e+00
1.030000000000000071e+01,8.767328528944734596e-12,5.686185885803378692e-01,1.000000000000000000e+00,7.036527278506198968e+00,6.396636350735846577e+00
